<DATE>,<OPEN>,<HIGH>,<LOW>,<CLOSE>
2006-12-21,10.214,10.827,9.974,10.348
2006-12-22,10.434,10.434,9.724,9.724
2006-12-27,9.782,10.242,9.782,10.137
2006-12-28,10.185,10.185,9.83,9.887
2006-12-29,10.127,10.127,9.859,9.955
2007-01-02,9.974,10.348,9.926,10.07
2007-01-03,10.214,10.214,9.926,10.07
2007-01-04,10.012,10.204,9.801,10.137
2007-01-05,10.07,10.07,9.878,10.06
2007-01-08,9.801,9.955,9.801,9.859
2007-01-09,9.801,9.955,9.792,9.878
2007-01-10,9.801,10.022,9.801,9.859
2007-01-11,9.83,9.974,9.782,9.926
2007-01-12,9.935,10.214,9.935,10.166
2007-01-15,10.214,10.261,9.974,10.137
2007-01-16,10.175,10.818,9.897,10.492
2007-01-17,10.655,10.655,10.425,10.54
2007-01-18,10.549,11.019,10.549,10.923
2007-01-19,10.885,11.01,10.549,10.731
2007-01-22,10.875,11.01,10.453,10.741
2007-01-23,10.751,10.885,10.549,10.693
2007-01-24,10.501,10.635,10.261,10.635
2007-01-25,10.396,10.549,10.309,10.501
2007-01-26,10.309,10.549,10.309,10.549
2007-01-29,10.635,10.664,10.463,10.549
2007-01-30,10.501,10.597,10.166,10.357
2007-01-31,10.405,10.405,10.357,10.357
2007-02-01,10.511,10.655,10.463,10.463
2007-02-02,10.501,10.635,10.415,10.568
2007-02-05,10.549,10.568,10.453,10.501
2007-02-06,10.501,10.501,10.309,10.357
2007-02-07,10.357,10.549,10.309,10.52
2007-02-08,10.357,10.453,10.329,10.396
2007-02-09,10.492,10.501,10.357,10.501
2007-02-12,10.501,10.501,10.309,10.319
2007-02-13,10.405,10.492,10.319,10.492
2007-02-14,10.453,10.645,10.453,10.626
2007-02-15,10.664,10.837,10.626,10.693
2007-02-16,10.76,11.22,10.683,11.22
2007-02-19,11.316,11.46,11.038,11.23
2007-02-20,11.22,11.22,10.933,11.125
2007-02-21,11.125,11.125,10.664,10.885
2007-02-22,10.741,11.077,10.741,11.029
2007-02-23,10.837,10.933,10.597,10.875
2007-02-26,10.549,10.904,10.501,10.827
2007-02-27,10.597,10.789,9.974,10.472
2007-02-28,9.926,10.348,9.926,10.242
2007-03-01,10.453,10.453,10.118,10.261
2007-03-02,10.07,10.338,9.964,9.993
2007-03-05,9.801,9.801,9.1874,9.312
2007-03-06,9.3696,9.3984,9.2545,9.3888
2007-03-07,9.3888,9.581,9.3888,9.4175
2007-03-08,9.4463,9.772,9.4175,9.772
2007-03-09,9.772,9.955,9.504,9.59
2007-03-12,9.734,9.772,9.4943,9.59
2007-03-13,9.581,9.581,9.2161,9.3504
2007-03-14,9.2545,9.3408,9.1202,9.1394
2007-03-15,9.2066,9.4943,9.1202,9.3984
2007-03-16,9.3504,9.4367,9.2066,9.3984
2007-03-19,9.3984,9.4847,9.3025,9.4463
2007-03-20,9.581,9.868,9.4463,9.59
2007-03-21,9.715,9.878,9.696,9.744
2007-03-22,9.887,9.935,9.782,9.782
2007-03-23,9.878,9.878,9.542,9.686
2007-03-26,9.744,9.974,9.744,9.744
2007-03-27,9.964,11.46,9.964,10.731
2007-03-28,10.885,10.885,10.405,10.453
2007-03-29,10.549,10.894,10.07,10.712
2007-03-30,10.741,10.741,10.501,10.549
2007-04-02,10.453,10.837,10.453,10.741
2007-04-03,10.933,11.988,10.933,11.508
2007-04-04,11.71,11.892,11.508,11.652
2007-04-05,11.719,11.719,11.326,11.671
2007-04-10,11.7,11.71,11.364,11.508
2007-04-11,11.508,11.604,11.364,11.489
2007-04-12,12.362,12.362,11.173,11.575
2007-04-13,11.882,12.611,11.7,12.486
2007-04-16,12.812,13.666,12.765,13.426
2007-04-17,13.81,13.81,13.148,13.292
2007-04-18,13.282,13.282,12.103,12.275
2007-04-19,12.026,12.026,11.316,11.959
2007-04-20,11.882,12.18,11.374,11.681
2007-04-23,11.71,11.873,10.981,11.326
2007-04-24,11.029,11.345,10.99,11.326
2007-04-25,11.316,11.93,11.105,11.508
2007-04-26,11.508,11.988,11.125,11.259
2007-04-27,11.077,11.441,10.703,11.316
2007-04-30,11.489,11.489,11.029,11.125
2007-05-02,11.22,11.22,11.125,11.134
2007-05-04,11.086,11.192,10.981,11.192
2007-05-07,11.211,11.211,10.559,11.019
2007-05-08,10.904,11.125,10.664,10.789
2007-05-09,10.981,10.981,10.645,10.818
2007-05-10,10.664,10.741,10.357,10.405
2007-05-11,10.089,10.827,9.955,10.827
2007-05-14,10.942,11.489,10.827,11.307
2007-05-15,11.403,11.499,11.22,11.46
2007-05-16,11.575,11.69,11.24,11.69
2007-05-17,11.834,11.844,11.336,11.412
2007-05-18,11.326,11.508,10.827,11.508
2007-05-21,11.527,12.084,11.527,12.064
2007-05-22,12.036,12.218,11.959,12.17
2007-05-23,11.988,12.304,11.988,12.18
2007-05-24,11.978,12.189,11.796,12.18
2007-05-25,11.94,12.132,11.604,11.988
2007-05-28,11.681,12.275,11.681,12.074
2007-05-29,12.18,12.304,12.084,12.18
2007-05-30,12.199,12.199,11.988,12.18
2007-05-31,12.275,12.793,12.275,12.659
2007-06-01,12.755,12.755,12.467,12.659
2007-06-04,12.659,12.659,12.352,12.601
2007-06-05,12.611,12.755,12.467,12.477
2007-06-06,12.64,12.649,12.323,12.649
2007-06-08,12.275,12.515,12.266,12.515
2007-06-11,12.314,13.599,12.314,13.35
2007-06-12,13.35,14.817,13.282,14.385
2007-06-13,14.376,14.385,13.743,14.385
2007-06-14,14.385,14.865,14.289,14.865
2007-06-15,15.344,15.392,14.874,15.335
2007-06-18,15.344,15.632,14.769,15.248
2007-06-19,15.248,15.344,14.817,14.826
2007-06-20,15.248,15.248,14.145,14.606
2007-06-21,14.126,14.328,14.002,14.145
2007-06-22,13.963,14.337,13.436,13.666
2007-06-25,13.474,13.858,13.254,13.81
2007-06-26,14.165,14.165,13.81,14.03
2007-06-27,13.906,13.906,13.426,13.704
2007-06-28,14.126,14.126,13.618,13.618
2007-06-29,13.896,13.896,13.445,13.522
2007-07-02,13.426,13.704,13.426,13.704
2007-07-03,13.896,14.28,13.282,13.704
2007-07-04,13.714,14.021,13.522,13.522
2007-07-05,13.57,13.839,13.474,13.839
2007-07-06,14.03,14.04,13.484,13.484
2007-07-09,13.426,13.426,12.803,12.995
2007-07-10,12.995,12.995,12.467,12.659
2007-07-11,12.995,13.311,12.947,13.292
2007-07-12,13.407,13.407,12.812,12.812
2007-07-13,12.745,13.302,12.745,13.282
2007-07-16,13.234,13.234,12.467,12.582
2007-07-17,12.928,12.928,12.563,12.928
2007-07-18,12.544,12.928,12.544,12.928
2007-07-19,12.889,12.947,12.496,12.755
2007-07-20,12.611,12.755,12.275,12.755
2007-07-23,12.889,13.589,12.467,13.589
2007-07-24,13.589,13.618,13.426,13.57
2007-07-25,13.33,13.33,12.947,13.043
2007-07-26,13.234,13.417,12.755,13.033
2007-07-27,12.477,12.975,12.477,12.899
2007-07-30,12.899,12.899,12.486,12.899
2007-07-31,12.928,13.206,12.534,12.947
2007-08-01,12.477,12.899,12.477,12.784
2007-08-02,12.803,12.88,12.573,12.88
2007-08-03,12.88,12.88,12.467,12.841
2007-08-06,12.486,12.889,12.467,12.803
2007-08-07,12.774,13.35,12.774,13.35
2007-08-08,13.417,13.896,13.417,13.896
2007-08-09,13.915,13.925,13.474,13.474
2007-08-10,12.659,13.234,12.467,12.659
2007-08-13,12.937,12.937,11.499,12.64
2007-08-14,12.659,12.947,12.467,12.736
2007-08-16,12.419,12.419,9.513,9.542
2007-08-17,10.386,10.933,9.686,10.914
2007-08-20,10.837,11.316,10.07,10.07
2007-08-21,10.923,10.923,9.542,9.6
2007-08-22,10.041,10.348,9.974,10.348
2007-08-23,10.731,10.741,10.444,10.453
2007-08-24,10.453,10.472,10.405,10.472
2007-08-27,10.549,10.76,10.549,10.645
2007-08-28,10.645,10.76,10.261,10.501
2007-08-29,10.261,10.357,9.782,10.357
2007-08-30,10.588,10.588,9.619,10.348
2007-08-31,10.07,10.348,9.974,10.348
2007-09-03,10.348,10.549,10.166,10.549
2007-09-04,10.405,10.914,10.261,10.875
2007-09-05,10.942,11.268,10.894,10.894
2007-09-06,10.568,10.827,10.549,10.827
2007-09-07,10.789,10.827,10.357,10.645
2007-09-10,10.357,10.549,9.945,10.405
2007-09-11,10.031,10.674,10.031,10.674
2007-09-12,10.367,10.645,10.185,10.635
2007-09-13,10.626,10.626,10.626,10.626
2007-09-14,10.261,10.549,10.261,10.549
2007-09-17,10.645,10.645,10.233,10.597
2007-09-18,10.261,10.405,10.261,10.405
2007-09-19,10.453,10.549,10.261,10.453
2007-09-20,10.223,10.549,10.223,10.453
2007-09-21,10.223,10.453,10.089,10.453
2007-09-24,10.453,10.453,10.261,10.415
2007-09-25,10.405,10.405,10.405,10.405
2007-09-26,10.444,10.453,10.031,10.108
2007-09-27,10.434,10.434,10.434,10.434
2007-09-28,10.07,10.166,9.974,10.146
2007-10-01,10.07,10.309,9.945,10.309
2007-10-02,9.955,10.3,9.945,10.3
2007-10-03,10.022,10.079,9.629,10.022
2007-10-04,9.638,10.549,9.638,10.501
2007-10-05,10.54,10.549,10.54,10.549
2007-10-08,10.309,10.53,10.309,10.53
2007-10-09,10.329,10.741,10.329,10.741
2007-10-10,10.741,10.914,10.549,10.741
2007-10-11,10.875,10.875,10.463,10.837
2007-10-12,10.233,10.741,10.214,10.741
2007-10-15,10.559,10.722,10.549,10.549
2007-10-16,10.386,10.52,10.214,10.52
2007-10-17,10.261,10.53,10.214,10.309
2007-10-18,10.079,10.329,10.07,10.309
2007-10-19,10.29,10.3,10.29,10.3
2007-10-22,10.309,10.309,9.887,10.022
2007-10-23,10.29,10.29,9.887,10.166
2007-10-24,10.022,10.204,9.408,10.204
2007-10-25,10.271,10.271,9.983,10.175
2007-10-26,10.012,10.012,9.83,9.878
2007-10-29,9.734,10.434,9.734,10.079
2007-10-30,10.453,10.453,10.166,10.348
2007-10-31,10.405,10.405,10.405,10.405
2007-11-02,9.926,10.357,9.926,10.357
2007-11-05,10.309,10.319,9.782,10.319
2007-11-06,10.415,10.693,10.329,10.338
2007-11-07,10.53,10.914,9.887,10.156
2007-11-08,9.6,10.53,9.4751,9.609
2007-11-09,9.782,9.974,9.1107,9.1202
2007-11-12,9.1202,9.59,8.8325,9.0627
2007-11-13,9.0627,9.1874,8.8325,8.9956
2007-11-14,9.3025,9.686,9.2161,9.4175
2007-11-15,9.734,9.792,9.0243,9.792
2007-11-16,9.83,10.52,9.59,10.357
2007-11-19,10.501,10.645,9.744,10.338
2007-11-20,10.166,10.166,9.6,10.05
2007-11-21,9.782,10.137,9.638,10.022
2007-11-22,9.648,9.974,9.2545,9.926
2007-11-23,10.07,10.156,9.59,9.59
2007-11-26,10.118,10.425,9.974,10.012
2007-11-27,10.06,10.252,9.801,10.07
2007-11-28,10.166,10.166,9.811,10.022
2007-11-29,10.022,10.252,9.878,10.118
2007-11-30,9.897,10.166,9.878,10.156
2007-12-03,9.792,10.252,9.792,10.252
2007-12-04,10.252,10.309,10.214,10.309
2007-12-05,10.348,11.403,9.926,11.077
2007-12-06,11.268,11.268,10.741,11.077
2007-12-07,11.125,11.125,10.837,11.077
2007-12-10,10.885,11.7,10.837,11.46
2007-12-11,11.499,12.074,11.499,11.796
2007-12-12,11.873,11.94,11.604,11.94
2007-12-13,11.978,11.978,11.134,11.69
2007-12-14,11.518,11.518,11.125,11.412
2007-12-17,11.412,11.412,10.645,10.923
2007-12-18,10.309,11.412,10.309,10.904
2007-12-19,10.645,10.818,10.549,10.818
2007-12-20,10.923,10.923,10.501,10.799
2007-12-21,10.386,10.789,10.348,10.789
2007-12-27,10.367,11.067,10.367,10.789
2007-12-28,10.559,10.981,10.559,10.808
2008-01-02,10.655,10.655,10.453,10.453
2008-01-03,10.357,10.54,10.357,10.54
2008-01-04,10.357,10.453,10.194,10.444
2008-01-07,10.271,10.271,9.926,9.974
2008-01-08,9.878,9.878,8.6311,8.6311
2008-01-09,9.4943,9.4943,8.727,8.8325
2008-01-10,9.3025,9.3025,8.727,8.9189
2008-01-11,8.7846,8.9189,8.775,8.8709
2008-01-14,8.6311,8.6311,7.8735,8.1612
2008-01-15,8.3243,8.5352,7.8735,8.2955
2008-01-16,7.6817,7.9502,7.3844,7.8639
2008-01-17,7.8639,8.7846,7.8639,8.5161
2008-01-18,8.1516,8.4393,8.142,8.4393
2008-01-21,8.5832,8.5832,7.9886,8.1516
2008-01-22,7.4324,8.0461,7.394,8.0461
2008-01-23,8.3339,8.3339,8.1516,8.1612
2008-01-24,8.3339,8.6311,8.1996,8.6311
2008-01-25,8.8325,8.8325,8.6791,8.823
2008-01-28,8.8709,8.8709,8.1612,8.727
2008-01-29,9.0627,9.1107,8.6311,8.727
2008-01-30,8.6311,8.6311,8.3051,8.4873
2008-01-31,8.5352,8.6407,8.5352,8.5352
2008-02-01,8.6311,8.6311,8.5352,8.6311
2008-02-04,8.9189,8.9189,8.612,8.7079
2008-02-06,8.5832,8.5832,7.9311,8.5161
2008-02-07,8.6216,8.6216,8.2763,8.5352
2008-02-08,8.5832,8.5832,8.3434,8.5448
2008-02-11,8.1612,8.5257,8.1612,8.5257
2008-02-12,8.2475,8.5736,8.1708,8.5736
2008-02-13,7.979,8.5736,7.979,8.5736
2008-02-14,8.6311,8.7846,8.6311,8.727
2008-02-15,8.6024,8.6311,8.5448,8.6024
2008-02-18,8.2667,8.6311,8.1516,8.564
2008-02-19,8.5352,8.564,8.3051,8.4873
2008-02-20,8.3051,8.3626,8.1708,8.3626
2008-02-21,8.3626,8.3626,8.1996,8.1996
2008-02-22,8.1612,8.5352,8.1516,8.353
2008-02-25,8.1612,8.4298,8.1516,8.4298
2008-02-27,8.1804,8.4298,8.1612,8.3626
2008-02-28,8.1612,8.353,8.1612,8.353
2008-02-29,8.1708,8.2475,7.9119,8.2284
2008-03-03,7.8927,8.1229,7.8639,7.8735
2008-03-04,8.0366,8.1037,7.8639,7.9502
2008-03-05,8.1516,8.823,8.1516,8.823
2008-03-06,9.1107,9.782,8.6407,9.3984
2008-03-07,9.581,9.59,9.1298,9.3792
2008-03-10,9.3984,9.3984,9.1778,9.3696
2008-03-11,9.0531,9.3888,8.8134,8.9189
2008-03-12,9.3504,9.581,9.1107,9.3025
2008-03-13,9.542,9.542,8.938,8.938
2008-03-14,9.504,9.542,9.3504,9.533
2008-03-17,9.3696,9.533,9.3025,9.4943
2008-03-18,9.4943,9.4943,9.3025,9.4847
2008-03-19,9.1394,9.734,9.1394,9.705
2008-03-20,9.4943,9.676,9.36,9.676
2008-03-25,9.676,9.772,9.542,9.772
2008-03-26,9.878,9.878,9.59,9.859
2008-03-27,9.83,10.261,9.686,10.261
2008-03-28,10.261,10.933,10.261,10.741
2008-03-31,11.01,11.029,10.511,10.904
2008-04-01,10.923,10.933,10.655,10.933
2008-04-02,10.616,11.019,10.616,11.019
2008-04-03,11.019,11.019,10.712,10.885
2008-04-04,10.54,10.837,10.53,10.827
2008-04-07,10.568,10.731,10.453,10.731
2008-04-08,10.731,10.808,10.53,10.53
2008-04-09,10.261,10.386,10.137,10.386
2008-04-10,10.261,10.309,10.166,10.309
2008-04-11,10.357,10.357,9.59,9.59
2008-04-14,9.552,9.59,9.542,9.571
2008-04-15,9.782,9.782,9.782,9.782
2008-04-16,9.83,9.83,9.542,9.83
2008-04-17,9.59,9.59,9.3792,9.561
2008-04-18,9.561,9.734,9.3504,9.561
2008-04-21,9.2353,9.533,9.1778,9.533
2008-04-22,9.2641,9.2641,9.1586,9.1586
2008-04-23,9.0627,9.3984,8.4681,8.5352
2008-04-24,9.2833,9.2833,8.6216,8.775
2008-04-25,8.775,8.775,8.353,8.6311
2008-04-28,8.6311,8.6311,8.6216,8.6216
2008-04-29,8.4489,8.4489,8.4393,8.4393
2008-04-30,8.3914,8.7079,8.2955,8.7079
2008-05-05,8.8613,9.2737,8.612,8.6311
2008-05-06,8.6311,8.938,8.612,8.7654
2008-05-07,8.6407,8.9476,8.564,8.9476
2008-05-08,8.9284,8.9284,8.9189,8.9284
2008-05-09,8.8421,8.9189,8.823,8.9189
2008-05-12,8.823,9.0915,8.7846,9.0915
2008-05-13,9.0915,9.2066,9.0915,9.1107
2008-05-14,9.2737,9.3504,8.9476,9.1107
2008-05-15,9.3408,9.3408,8.9956,9.2545
2008-05-16,9.2545,9.2545,8.8325,9.0723
2008-05-19,9.0531,9.0723,8.7558,9.0148
2008-05-20,9.0148,9.0148,8.7654,9.0052
2008-05-21,8.8134,8.9956,8.6311,8.9956
2008-05-23,8.6695,8.6695,8.2092,8.4202
2008-05-26,8.4202,8.5352,8.2859,8.5352
2008-05-27,8.3434,8.6407,8.2571,8.5352
2008-05-28,8.3434,8.5352,8.3051,8.5352
2008-05-29,8.3434,8.5352,8.3434,8.5161
2008-05-30,8.3914,8.5257,8.353,8.5257
2008-06-02,8.5257,8.6216,8.5257,8.6216
2008-06-03,8.6216,8.6887,8.6216,8.6311
2008-06-04,8.6311,8.6311,8.3434,8.5832
2008-06-06,8.3434,8.5352,8.2188,8.2188
2008-06-09,8.2188,8.4777,8.0557,8.4585
2008-06-10,8.4393,8.4393,7.768,8.0461
2008-06-11,8.0461,8.0461,7.6721,7.816
2008-06-12,7.816,7.9598,7.4803,7.9598
2008-06-13,7.9598,7.9598,7.6242,7.9502
2008-06-16,7.6817,7.6817,7.5666,7.6721
2008-06-17,7.8639,7.8639,7.8639,7.8639
2008-06-18,7.816,7.816,7.5762,7.816
2008-06-19,7.6721,7.768,7.6721,7.768
2008-06-20,7.7584,7.7584,7.3461,7.3461
2008-06-23,7.3844,7.7584,7.3844,7.6721
2008-06-24,7.6625,7.6625,7.6625,7.6625
2008-06-25,7.6625,7.6625,7.6625,7.6625
2008-06-26,7.4707,7.4707,7.4707,7.4707
2008-06-27,7.1926,7.5762,7.0967,7.5666
2008-06-30,7.1926,7.3844,7.1926,7.3844
2008-07-01,7.1926,7.1926,6.8666,7.183
2008-07-02,7.0967,7.0967,7.0967,7.0967
2008-07-03,6.7419,6.7611,6.7131,6.7131
2008-07-04,6.7515,6.7515,6.2336,6.7131
2008-07-07,6.7131,6.7131,6.6652,6.7131
2008-07-08,6.0034,6.6076,6.0034,6.1377
2008-07-09,6.6076,6.6076,6.3295,6.3295
2008-07-10,6.4734,6.7035,6.4254,6.5213
2008-07-11,6.7131,6.7419,6.7131,6.7419
2008-07-14,6.5117,6.7515,6.5117,6.7515
2008-07-15,6.7611,6.7994,6.7419,6.7994
2008-07-16,6.5309,6.809,6.5309,6.7131
2008-07-17,6.809,6.9433,6.809,6.9433
2008-07-18,6.9433,7.0392,6.9433,7.0008
2008-07-21,7.0008,7.0008,7.0008,7.0008
2008-07-22,7.0488,7.0488,7.0488,7.0488
2008-07-23,7.6434,7.6434,7.6434,7.6434
2008-07-24,7.1926,7.6434,7.1063,7.6434
2008-07-25,7.6242,7.6434,7.6242,7.6434
2008-07-28,7.9502,7.9598,7.2022,7.9502
2008-07-29,8.4393,8.4393,7.6721,8.142
2008-07-30,8.142,8.4393,8.0078,8.4106
2008-07-31,8.4106,8.4106,8.3914,8.3914
2008-08-01,7.7968,8.1229,7.6242,8.1229
2008-08-04,7.7105,8.0078,7.7105,8.0078
2008-08-05,8.0557,8.0557,7.6721,8.0366
2008-08-07,7.7201,7.7201,7.7201,7.7201
2008-08-08,7.5091,7.6721,7.3844,7.6721
2008-08-11,7.9119,7.9119,7.9119,7.9119
2008-08-12,7.4324,7.6721,7.4324,7.6721
2008-08-13,7.6721,7.8639,7.6721,7.8639
2008-08-14,7.6625,7.8639,7.6625,7.8639
2008-08-18,7.9023,7.9023,7.6721,7.6721
2008-08-19,7.8927,7.8927,7.4516,7.8831
2008-08-20,7.3557,7.5762,7.0967,7.5762
2008-08-21,7.4803,7.6242,7.4803,7.6242
2008-08-22,7.4803,7.8639,7.4803,7.8639
2008-08-25,7.8639,8.0557,7.8639,8.0557
2008-08-26,7.8639,8.0078,7.5762,8.0078
2008-08-27,7.7201,7.9119,7.6242,7.6242
2008-08-28,7.5762,8.0557,7.3077,7.9119
2008-08-29,7.6817,7.9407,7.5091,7.5091
2008-09-01,7.7489,7.9119,7.6721,7.9119
2008-09-02,7.816,8.0174,7.816,8.0174
2008-09-03,8.0174,8.0366,7.979,7.979
2008-09-04,7.979,8.2188,7.979,8.2188
2008-09-05,8.0653,8.2955,8.0653,8.2571
2008-09-08,8.2571,8.4393,8.1612,8.4393
2008-09-09,8.1996,8.4202,8.0653,8.4106
2008-09-10,8.4106,8.4106,8.0653,8.3722
2008-09-11,8.0749,8.238,7.8352,8.19
2008-09-12,8.2475,8.8997,8.2475,8.727
2008-09-15,8.7942,8.823,8.3626,8.5352
2008-09-16,8.1516,8.7942,7.9598,8.1516
2008-09-17,7.9694,8.0653,7.8639,7.8639
2008-09-18,7.5762,7.9502,7.4803,7.9502
2008-09-19,7.816,8.0749,7.7297,8.0366
2008-09-22,8.1516,8.1516,7.3844,7.9311
2008-09-23,7.4132,7.768,7.3844,7.768
2008-09-24,7.9119,7.9119,7.5666,7.5666
2008-09-25,7.8543,7.8543,7.3844,7.3844
2008-09-26,7.5666,7.5666,7.1063,7.4611
2008-09-29,7.4707,7.4707,6.972,7.3365
2008-09-30,7.3269,7.3269,6.8186,7.3077
2008-10-01,6.8282,7.2789,6.8282,7.2693
2008-10-02,7.2598,7.2598,7.2502,7.2502
2008-10-03,7.2502,7.2502,7.0008,7.0967
2008-10-06,7.231,7.231,6.809,7.0871
2008-10-07,7.0871,7.0871,6.5693,7.0104
2008-10-08,6.5213,6.857,6.3295,6.857
2008-10-09,7.0104,7.1734,6.5693,7.1543
2008-10-10,6.7131,6.9912,6.2336,6.8953
2008-10-13,6.9049,6.9433,6.6172,6.6172
2008-10-14,6.7227,7.0008,6.6748,6.9529
2008-10-15,7.0008,7.0008,6.6652,6.6652
2008-10-16,6.4254,6.8282,6.013,6.0418
2008-10-17,6.6076,6.6076,5.3225,5.6582
2008-10-20,6.0418,6.0418,5.3705,5.3705
2008-10-21,5.639,5.7541,4.9869,5.4568
2008-10-22,5.4664,5.4664,4.9293,5.2266
2008-10-23,5.1595,5.1595,4.0279,4.3156
2008-10-24,5.1116,5.1116,4.1238,4.4115
2008-10-27,4.1334,4.306,3.9607,4.306
2008-10-28,4.5649,4.5649,4.1813,4.5457
2008-10-29,4.891,4.9389,4.6129,4.9006
2008-10-30,4.9389,5.2554,4.6608,4.9293
2008-10-31,4.9485,5.0348,4.7471,4.9102
2008-11-03,5.1307,5.1307,4.6608,4.9102
2008-11-04,4.6992,4.9006,4.6225,4.8718
2008-11-05,4.9102,4.9102,4.6992,4.6992
2008-11-06,4.843,4.843,4.6033,4.8143
2008-11-07,4.9389,5.9363,4.9389,5.7541
2008-11-10,6.0993,6.0993,5.6102,5.898
2008-11-12,5.898,5.898,5.6102,5.7829
2008-11-13,5.5719,5.7253,5.4184,5.7253
2008-11-14,5.6966,5.7445,5.6966,5.7445
2008-11-17,5.3321,5.6582,5.3321,5.6582
2008-11-18,5.6486,5.6486,4.891,4.891
2008-11-19,5.1211,5.1211,4.6608,4.7855
2008-11-20,4.4115,4.7759,4.4115,4.7663
2008-11-21,4.7663,4.8814,4.4115,4.7855
2008-11-24,5.0252,5.265,4.7951,4.8334
2008-11-25,4.9389,5.0828,4.8334,5.0828
2008-11-26,5.1787,5.1787,4.8239,4.9293
2008-11-27,5.0732,5.0732,4.843,5.054
2008-11-28,5.054,5.054,4.8526,5.0348
2008-12-01,5.0252,5.0252,4.6992,4.7375
2008-12-02,4.8334,4.8334,4.6992,4.7855
2008-12-03,4.7951,4.7951,4.6033,4.7375
2008-12-04,4.6033,4.6992,4.5553,4.6033
2008-12-05,4.4307,4.6512,4.4307,4.6512
2008-12-08,4.728,4.728,4.5074,4.728
2008-12-09,4.7375,4.7663,4.6033,4.7663
2008-12-10,4.9773,4.9869,4.7184,4.891
2008-12-11,4.9677,4.9677,4.6512,4.7951
2008-12-12,4.7951,4.7951,4.6033,4.6992
2008-12-15,4.6992,4.6992,4.5361,4.6033
2008-12-16,4.6033,4.6033,4.469,4.5937
2008-12-17,4.5841,4.5841,4.3827,4.5074
2008-12-18,4.5074,4.5074,4.4115,4.5074
2008-12-19,4.5074,4.5074,4.3635,4.5074
2008-12-22,4.5457,4.5457,4.1909,4.4978
2008-12-23,4.4978,4.6992,4.4978,4.6992
2008-12-30,4.2676,4.6033,4.2676,4.6033
2008-12-31,4.6033,4.6033,4.4594,4.6033
2009-01-05,4.7375,4.7375,4.5074,4.7375
2009-01-06,4.7375,4.7375,4.5937,4.5937
2009-01-07,4.5937,4.6896,4.5937,4.6896
2009-01-08,4.4498,4.4594,4.3156,4.4498
2009-01-09,4.6416,4.6416,4.6416,4.6416
2009-01-12,4.6512,4.6512,4.4115,4.4978
2009-01-13,4.5457,4.5457,4.2005,4.3635
2009-01-14,4.3156,4.3156,4.3156,4.3156
2009-01-15,4.306,4.3156,4.306,4.3156
2009-01-16,4.3156,4.3156,4.2676,4.306
2009-01-19,4.3156,4.3156,4.1621,4.2964
2009-01-20,4.2964,4.2964,4.2772,4.2772
2009-01-21,4.2868,4.2868,3.932,4.258
2009-01-22,4.2772,4.2772,3.8361,4.0279
2009-01-23,4.0279,4.0279,3.9703,3.9703
2009-01-26,3.9703,3.9703,3.7402,3.9032
2009-01-27,3.9032,3.9032,3.9032,3.9032
2009-01-28,3.9032,3.9032,3.5963,3.5963
2009-01-29,3.5963,3.5963,3.2607,3.5484
2009-01-30,3.5388,3.5388,3.1648,3.4333
2009-02-02,3.4525,3.4525,3.0689,3.1935
2009-02-03,3.2894,3.2894,3.0689,3.1168
2009-02-04,3.1168,3.347,3.0689,3.347
2009-02-05,3.3374,3.5292,3.2607,3.5292
2009-02-06,3.6251,3.6251,3.3661,3.5292
2009-02-09,3.5292,3.5484,3.5004,3.5484
2009-02-10,3.5484,3.5484,3.2702,3.4429
2009-02-11,3.4908,3.9128,3.3374,3.9128
2009-02-12,3.8552,3.9224,3.8169,3.8361
2009-02-13,3.9128,3.9224,3.9128,3.9224
2009-02-16,3.9224,3.9224,3.8936,3.8936
2009-02-17,3.7881,3.7881,3.6059,3.6922
2009-02-18,3.7498,3.7498,3.4141,3.6347
2009-02-19,3.4237,3.5484,3.3566,3.5196
2009-02-20,3.5196,3.5196,3.3566,3.3566
2009-02-23,3.51,3.51,3.2702,3.3566
2009-02-24,3.51,3.51,3.3278,3.3278
2009-02-25,3.51,3.51,3.3278,3.4716
2009-02-26,3.4525,3.4525,3.1935,3.3566
2009-02-27,3.4812,3.4812,3.2127,3.4525
2009-03-02,3.2607,3.4716,3.1839,3.3374
2009-03-03,3.1552,3.2127,2.877,3.2127
2009-03-04,3.1648,3.1648,2.925,3.0976
2009-03-05,3.0976,3.0976,2.8866,3.0689
2009-03-06,3.0689,3.0689,2.8962,3.0305
2009-03-09,3.0305,3.0305,2.973,3.0209
2009-03-10,3.0209,3.0209,2.9154,3.0017
2009-03-11,3.0209,3.1168,2.973,3.1168
2009-03-12,3.1168,3.1168,2.9825,3.0497
2009-03-13,3.0497,3.0593,3.0017,3.0593
2009-03-16,3.0497,3.0497,2.9154,3.0401
2009-03-17,3.0401,3.0401,2.9154,3.0017
2009-03-18,3.0017,3.0017,3.0017,3.0017
2009-03-19,3.0017,3.0017,3.0017,3.0017
2009-03-20,3.0017,3.0017,2.973,3.0017
2009-03-23,3.0017,3.0017,2.9442,3.0017
2009-03-24,3.0593,3.1648,3.0401,3.1552
2009-03-25,3.2031,3.3661,3.1168,3.3661
2009-03-26,3.3566,3.4525,3.3086,3.4525
2009-03-27,3.4525,3.51,3.3566,3.3566
2009-03-30,3.4045,3.4045,3.0784,3.1648
2009-03-31,3.2511,3.2511,3.088,3.2415
2009-04-01,3.2415,3.2415,3.0689,3.1935
2009-04-02,3.2415,3.2415,3.0689,3.2415
2009-04-03,3.2415,3.347,3.1648,3.2607
2009-04-06,3.3374,3.9991,3.3374,3.7114
2009-04-07,3.7114,3.7881,3.5388,3.7018
2009-04-08,3.7977,3.884,3.5196,3.8169
2009-04-09,3.8361,4.2197,3.8265,4.0758
2009-04-14,4.1238,4.469,3.9895,4.2676
2009-04-15,4.4115,4.4115,4.1142,4.3539
2009-04-16,4.4115,4.6033,4.1334,4.2484
2009-04-17,4.2197,4.2772,4.0183,4.0758
2009-04-20,4.2676,4.2676,3.7593,3.8361
2009-04-21,3.8361,3.8361,3.7402,3.8169
2009-04-22,3.8361,4.0183,3.8361,4.0087
2009-04-23,4.0087,4.3156,3.8936,4.1717
2009-04-24,3.884,4.1621,3.8648,4.1621
2009-04-27,4.1717,4.2005,3.9416,3.9511
2009-04-28,3.9511,3.9511,3.884,3.9128
2009-04-29,3.932,4.0375,3.8169,4.0183
2009-04-30,3.9511,3.9511,3.8265,3.932
2009-05-04,3.9224,3.9224,3.6443,3.673
2009-05-05,3.7785,3.7785,3.6634,3.7402
2009-05-06,3.5963,3.6922,3.558,3.6922
2009-05-07,3.6922,3.7402,3.6539,3.721
2009-05-08,3.7593,3.7593,3.6251,3.7593
2009-05-11,3.7593,3.7593,3.6634,3.7498
2009-05-12,3.7402,4.0279,3.7018,3.8361
2009-05-13,3.8936,3.9799,3.8073,3.8073
2009-05-14,3.884,3.884,3.8361,3.8361
2009-05-15,3.884,3.9224,3.6539,3.6539
2009-05-18,3.558,3.6922,3.3566,3.4525
2009-05-19,3.5484,3.5484,3.2607,3.4141
2009-05-20,3.4141,3.4141,3.1264,3.2511
2009-05-21,3.3086,3.3086,3.1264,3.1648
2009-05-22,3.2415,3.2415,3.136,3.1935
2009-05-25,3.2223,3.2223,3.1456,3.2031
2009-05-26,3.2223,3.2223,3.1456,3.1456
2009-05-27,3.2127,3.2894,3.1839,3.2702
2009-05-28,3.3086,3.3086,3.2894,3.3086
2009-05-29,3.3086,3.3374,3.2223,3.3374
2009-06-01,3.3278,3.3278,3.2223,3.3086
2009-06-02,3.3278,3.3278,3.1648,3.2607
2009-06-03,3.2607,3.5292,3.1168,3.3278
2009-06-04,3.3566,3.4237,3.3086,3.3566
2009-06-05,3.3566,3.4045,3.3566,3.3853
2009-06-08,3.4237,3.4237,3.1839,3.2798
2009-06-09,3.2894,3.3182,3.2894,3.3182
2009-06-10,3.3566,3.3566,3.3182,3.347
2009-06-12,3.2894,3.3566,3.2511,3.3566
2009-06-15,3.3757,3.3757,3.3086,3.3374
2009-06-16,3.3566,3.3566,3.2511,3.299
2009-06-17,3.2894,3.3278,3.2127,3.299
2009-06-18,3.299,3.299,3.1072,3.2223
2009-06-19,3.2607,3.2607,3.1552,3.2511
2009-06-22,3.2127,3.2127,3.0784,3.1264
2009-06-23,3.1264,3.2607,2.9346,2.9442
2009-06-24,2.9154,3.136,2.9154,3.0593
2009-06-25,3.1264,3.1264,3.088,3.088
2009-06-26,3.1264,3.1264,3.1264,3.1264
2009-06-29,3.1456,3.1456,3.1072,3.136
2009-06-30,3.136,3.1648,3.136,3.1552
2009-07-01,3.1743,3.1935,3.1743,3.1935
2009-07-02,3.1552,3.1552,3.1552,3.1552
2009-07-03,3.1552,3.1552,3.0497,3.1168
2009-07-06,3.0305,3.2031,3.0209,3.1935
2009-07-07,3.3086,4.1238,3.2607,3.7785
2009-07-08,3.7498,4.4019,3.7498,4.1238
2009-07-09,3.8552,4.1238,3.8552,3.8648
2009-07-10,3.8457,4.4019,3.8457,4.2197
2009-07-13,4.2005,4.5074,4.0854,4.4498
2009-07-14,4.4498,4.5553,4.2389,4.2676
2009-07-15,4.4019,4.4978,4.1046,4.306
2009-07-16,4.306,4.306,3.9991,4.0279
2009-07-17,4.1142,4.1142,3.7402,3.8552
2009-07-20,3.7018,3.7881,3.5963,3.6826
2009-07-21,3.7881,3.7881,3.6443,3.7402
2009-07-22,3.7593,3.7593,3.5196,3.5196
2009-07-23,3.5963,3.6251,3.5484,3.6059
2009-07-24,3.6634,3.7785,3.6059,3.7114
2009-07-27,3.721,3.8648,3.5484,3.5484
2009-07-28,3.5484,3.5963,3.462,3.5963
2009-07-29,3.5963,3.5963,3.3566,3.5004
2009-07-30,3.4045,3.6922,3.4045,3.6922
2009-07-31,3.8169,3.8169,3.5388,3.6155
2009-08-03,3.6347,4.3827,3.4812,4.1238
2009-08-04,4.2101,4.4498,4.1238,4.2101
2009-08-05,4.0375,4.2101,3.9511,3.9607
2009-08-06,4.0087,4.1909,3.7593,3.8265
2009-08-07,3.8361,3.8361,3.7402,3.8265
2009-08-10,3.8265,3.932,3.7785,3.8073
2009-08-11,3.8169,3.9128,3.7306,3.7306
2009-08-12,3.7018,3.7306,3.5963,3.7306
2009-08-13,3.7402,3.9224,3.7402,3.7593
2009-08-14,3.8361,4.1238,3.7498,3.9991
2009-08-17,3.9032,4.1238,3.7881,3.7881
2009-08-18,3.7977,3.9511,3.7593,3.8457
2009-08-19,3.8552,3.8552,3.6539,3.7785
2009-08-20,3.7977,3.884,3.7593,3.8648
2009-08-21,3.8936,4.095,3.8936,4.0375
2009-08-24,4.2005,4.3539,4.1717,4.2772
2009-08-25,4.2676,4.5841,4.1717,4.517
2009-08-26,4.5457,4.5457,4.4115,4.4594
2009-08-27,4.4786,4.4786,4.3923,4.3923
2009-08-28,4.3348,4.3827,4.2197,4.3156
2009-08-31,4.1813,4.2676,4.1813,4.1813
2009-09-01,4.095,4.1238,4.0087,4.0662
2009-09-02,3.884,3.9703,3.8552,3.9703
2009-09-03,3.8457,3.9703,3.7402,3.8361
2009-09-04,3.9128,4.0758,3.8936,4.0758
2009-09-07,4.0375,4.1046,3.8936,4.0758
2009-09-08,3.9128,4.0758,3.9128,3.9128
2009-09-09,3.9128,3.9128,3.6539,3.7977
2009-09-10,3.8361,3.8361,3.673,3.7689
2009-09-11,3.7018,3.7402,3.6251,3.7402
2009-09-14,3.6443,3.721,3.6443,3.721
2009-09-15,3.8169,3.8169,3.6443,3.7402
2009-09-16,3.7018,3.8169,3.7018,3.8169
2009-09-17,3.8361,3.9895,3.8361,3.9799
2009-09-18,3.884,3.9799,3.8552,3.9799
2009-09-21,3.7689,3.9511,3.7402,3.8648
2009-09-22,3.8744,4.1238,3.8744,4.0183
2009-09-23,3.9224,3.9991,3.9128,3.9799
2009-09-24,3.9607,4.0758,3.8648,4.0375
2009-09-25,3.8648,4.0183,3.8457,4.0087
2009-09-28,3.932,3.932,3.884,3.932
2009-09-29,3.9799,4.0566,3.9799,4.0566
2009-09-30,3.9416,4.1621,3.8936,4.0662
2009-10-01,4.0662,4.2101,4.047,4.0662
2009-10-02,4.1909,4.1909,3.9224,4.0758
2009-10-05,4.0279,4.2676,3.884,3.9607
2009-10-06,3.9799,4.0375,3.6922,3.9224
2009-10-07,3.884,4.0087,3.6922,3.8744
2009-10-08,3.7881,3.9607,3.7881,3.9607
2009-10-09,3.9511,3.9511,3.8361,3.9224
2009-10-12,3.9224,3.9224,3.8457,3.8552
2009-10-13,3.9128,3.9128,3.8265,3.8265
2009-10-14,3.7977,3.8361,3.7881,3.8361
2009-10-15,3.7881,3.884,3.7114,3.8648
2009-10-16,3.7402,3.7402,3.721,3.721
2009-10-19,3.8169,3.8361,3.6922,3.6922
2009-10-20,3.7498,3.8073,3.721,3.721
2009-10-21,3.7018,3.7402,3.6922,3.6922
2009-10-22,3.6059,3.6922,3.6059,3.6922
2009-10-23,3.6922,3.7402,3.6922,3.7402
2009-10-26,3.7306,3.8073,3.7306,3.8073
2009-10-27,3.6155,3.8073,3.6155,3.8073
2009-10-28,3.721,3.721,3.7114,3.721
2009-10-29,3.5484,3.721,3.5484,3.721
2009-10-30,3.6251,3.8265,3.6251,3.7498
2009-11-02,3.7402,3.884,3.7402,3.8265
2009-11-03,3.8265,4.0183,3.7881,4.0087
2009-11-04,4.0087,4.0087,3.8648,3.9703
2009-11-05,3.884,3.9703,3.8648,3.9703
2009-11-06,3.9799,3.9799,3.7881,3.9224
2009-11-09,3.8457,4.0279,3.8457,4.0087
2009-11-10,4.0087,4.1046,3.8936,3.8936
2009-11-12,4.0662,4.0854,4.0279,4.0662
2009-11-13,4.0758,4.143,4.0758,4.143
2009-11-16,4.1334,4.1717,4.1334,4.1717
2009-11-17,4.0279,4.1142,4.0279,4.1142
2009-11-18,3.9799,4.0758,3.8457,3.8457
2009-11-19,3.884,3.9224,3.884,3.9224
2009-11-20,3.8552,3.9511,3.8361,3.9511
2009-11-23,3.9511,3.9511,3.9511,3.9511
2009-11-24,3.8361,3.932,3.8361,3.932
2009-11-25,3.7881,3.932,3.7881,3.932
2009-11-26,3.7785,3.8361,3.7689,3.7689
2009-11-27,3.7881,3.9128,3.6826,3.6922
2009-11-30,3.6826,3.7977,3.6826,3.7977
2009-12-01,3.7977,3.8169,3.7402,3.8169
2009-12-02,3.8169,3.8169,3.8169,3.8169
2009-12-03,3.8265,3.9128,3.7689,3.884
2009-12-04,3.7689,3.9224,3.7689,3.9224
2009-12-07,3.7977,3.9032,3.7785,3.9032
2009-12-08,3.7689,3.7881,3.7498,3.7498
2009-12-09,3.7689,3.7689,3.7402,3.7498
2009-12-10,3.7402,3.7402,3.7114,3.7114
2009-12-11,3.7114,3.8265,3.7114,3.8265
2009-12-14,3.7881,3.8169,3.6922,3.8169
2009-12-15,3.7018,3.7018,3.6922,3.6922
2009-12-16,3.6634,3.7593,3.6634,3.7593
2009-12-18,3.721,3.721,3.721,3.721
2009-12-21,3.7114,3.7498,3.6922,3.7498
2009-12-22,3.673,3.7306,3.673,3.6922
2009-12-23,3.6634,3.6922,3.6059,3.6251
2009-12-28,3.6251,3.6251,3.4812,3.5388
2009-12-29,3.6826,3.6826,3.5963,3.6443
2009-12-30,3.6826,3.7593,3.6826,3.7306
2009-12-31,3.7114,3.7114,3.5963,3.7114
2010-01-04,3.721,3.721,3.5675,3.6443
2010-01-05,3.673,3.932,3.673,3.9128
2010-01-06,4.1046,4.1046,3.8361,3.9991
2010-01-07,3.9895,3.9991,3.8361,3.8361
2010-01-08,3.8457,4.0279,3.8361,4.0279
2010-01-11,4.0566,4.0566,3.9032,3.9128
2010-01-12,3.9224,3.9224,3.8744,3.8744
2010-01-13,3.932,3.932,3.7593,3.8169
2010-01-14,3.8361,3.8361,3.7977,3.8361
2010-01-15,3.8744,3.8744,3.8073,3.8744
2010-01-18,3.8361,3.9511,3.8361,3.9416
2010-01-19,3.932,3.9703,3.932,3.9703
2010-01-20,3.8648,3.9703,3.8648,3.9703
2010-01-21,3.8361,3.932,3.8361,3.932
2010-01-22,3.8744,3.932,3.8361,3.8936
2010-01-25,3.8169,3.884,3.8169,3.884
2010-01-27,3.8169,3.8169,3.8169,3.8169
2010-01-28,3.8744,3.932,3.8457,3.8457
2010-01-29,3.8361,3.9128,3.8361,3.884
2010-02-01,3.8169,4.0279,3.8169,4.0087
2010-02-02,3.932,4.0087,3.7593,3.9128
2010-02-03,3.8361,3.8936,3.8361,3.8936
2010-02-04,3.7881,3.7881,3.6922,3.6922
2010-02-05,3.6922,3.7881,3.6443,3.7881
2010-02-08,3.7881,3.7881,3.673,3.7402
2010-02-09,3.673,3.7402,3.5867,3.7402
2010-02-10,3.7977,3.7977,3.7977,3.7977
2010-02-11,3.7689,3.7689,3.6059,3.7689
2010-02-15,3.7498,3.7498,3.7498,3.7498
2010-02-16,3.7402,3.7402,3.7402,3.7402
2010-02-17,3.7402,3.7498,3.7402,3.7402
2010-02-18,3.7402,3.7593,3.673,3.7593
2010-02-19,3.7402,3.7689,3.7402,3.7689
2010-02-22,3.7977,3.8169,3.7881,3.8169
2010-02-23,3.8552,3.8552,3.8552,3.8552
2010-02-24,3.7689,3.884,3.7689,3.884
2010-02-25,3.8361,3.8361,3.8361,3.8361
2010-02-26,3.8361,3.8936,3.7402,3.8936
2010-03-01,3.9799,4.0279,3.9799,4.0279
2010-03-02,3.884,3.9224,3.7785,3.884
2010-03-03,3.7881,3.9128,3.7785,3.9128
2010-03-04,3.8073,3.9128,3.7498,3.8744
2010-03-05,3.8744,3.8744,3.8744,3.8744
2010-03-08,3.932,3.932,3.9032,3.9224
2010-03-09,3.8457,3.9224,3.8457,3.9224
2010-03-10,3.8457,3.9032,3.8361,3.9032
2010-03-11,3.8744,3.8936,3.8744,3.8744
2010-03-12,3.8936,3.9032,3.7881,3.884
2010-03-15,3.7977,3.9128,3.7977,3.9128
2010-03-16,3.8936,3.8936,3.8169,3.8169
2010-03-17,3.8265,3.8361,3.8073,3.8073
2010-03-18,3.8648,3.8744,3.7977,3.8648
2010-03-19,3.8361,3.9128,3.8073,3.8936
2010-03-22,3.884,3.884,3.7881,3.8648
2010-03-23,3.8169,3.8744,3.8073,3.8744
2010-03-24,3.8744,3.8744,3.8361,3.8648
2010-03-25,3.8648,3.9799,3.8361,3.9799
2010-03-26,3.9703,3.9703,3.8936,3.8936
2010-03-29,3.884,3.8936,3.8744,3.8744
2010-03-30,3.884,3.9032,3.8552,3.884
2010-03-31,3.884,3.9032,3.884,3.9032
2010-04-01,3.932,3.9991,3.9032,3.9799
2010-04-06,4.0183,4.1238,4.0087,4.1238
2010-04-07,4.0758,4.0758,3.9607,4.0566
2010-04-08,4.0566,4.0566,3.7402,3.8361
2010-04-09,3.8361,3.884,3.8361,3.884
2010-04-12,3.8361,3.8744,3.7977,3.8744
2010-04-13,3.9032,3.9128,3.8169,3.9128
2010-04-14,3.9128,3.9128,3.8457,3.9032
2010-04-15,3.932,3.932,3.8648,3.8744
2010-04-16,3.8457,3.8936,3.8073,3.8744
2010-04-19,3.8361,3.8361,3.5675,3.7306
2010-04-20,3.7593,3.8744,3.7593,3.8744
2010-04-21,3.8744,3.8744,3.8744,3.8744
2010-04-22,3.7689,3.8169,3.7402,3.8169
2010-04-23,3.8169,3.8169,3.8169,3.8169
2010-04-26,3.7498,3.8265,3.721,3.8265
2010-04-27,3.8169,3.8169,3.7881,3.7977
2010-04-28,3.7881,3.7881,3.673,3.7785
2010-04-29,3.7306,3.7593,3.6922,3.7593
2010-04-30,3.7593,3.8552,3.6539,3.8552
2010-05-04,3.7306,3.8457,3.6634,3.7402
2010-05-05,3.6539,3.7785,3.6251,3.7785
2010-05-06,3.673,3.7018,3.673,3.7018
2010-05-07,3.7114,3.721,3.5484,3.721
2010-05-10,3.721,3.7689,3.721,3.7689
2010-05-11,3.7018,3.7593,3.7018,3.7593
2010-05-12,3.7402,3.7689,3.6922,3.7689
2010-05-13,3.7402,3.7402,3.7402,3.7402
2010-05-14,3.7114,3.7402,3.6634,3.7402
2010-05-18,3.7306,3.7402,3.6443,3.7306
2010-05-19,3.673,3.6922,3.5963,3.6922
2010-05-20,3.6251,3.6251,3.5484,3.6251
2010-05-24,3.6059,3.6826,3.5963,3.6826
2010-05-25,3.6251,3.673,3.5963,3.673
2010-05-26,3.5963,3.673,3.5963,3.673
2010-05-27,3.6443,3.673,3.6443,3.673
2010-05-28,3.5963,3.6826,3.5963,3.6826
2010-05-31,3.6443,3.8073,3.6443,3.8073
2010-06-04,3.721,3.8073,3.721,3.7498
2010-06-07,3.7498,3.7881,3.7498,3.7881
2010-06-08,3.6634,3.7689,3.6634,3.7689
2010-06-09,3.6634,3.7689,3.6634,3.7689
2010-06-11,3.7689,3.7689,3.7689,3.7689
2010-06-14,3.7402,4.0279,3.7402,3.9032
2010-06-15,3.8936,4.047,3.8936,4.0087
2010-06-16,3.9799,4.095,3.9799,4.095
2010-06-17,4.0087,4.0854,3.8361,4.0375
2010-06-18,3.7881,4.1238,3.7881,4.1238
2010-06-21,4.1238,4.6992,4.1238,4.4115
2010-06-22,4.5074,4.5937,4.0854,4.3443
2010-06-23,4.0375,4.3731,3.9032,3.9032
2010-06-24,3.932,3.9799,3.7593,3.9224
2010-06-25,3.8361,3.8361,3.7498,3.7977
2010-06-28,3.7498,3.8265,3.6826,3.7402
2010-06-29,3.7402,3.7402,3.7114,3.7402
2010-07-01,3.6922,3.932,3.6922,3.884
2010-07-02,3.884,3.9032,3.7977,3.884
2010-07-05,3.7785,3.8361,3.7402,3.8361
2010-07-06,3.7881,3.8361,3.7881,3.8361
2010-07-07,3.8361,3.8361,3.8361,3.8361
2010-07-08,3.8361,3.8361,3.7689,3.8265
2010-07-09,3.8361,3.8361,3.7785,3.7785
2010-07-12,3.7881,3.9128,3.7881,3.9128
2010-07-13,3.884,3.9128,3.884,3.9128
2010-07-14,3.9032,3.9895,3.9032,3.9128
2010-07-15,3.8361,3.8744,3.7881,3.8744
2010-07-19,3.7881,3.8361,3.7402,3.8361
2010-07-20,3.7402,3.8361,3.7306,3.8361
2010-07-21,3.8361,3.884,3.8361,3.884
2010-07-22,3.8073,3.8648,3.8073,3.8648
2010-07-26,3.8265,3.8936,3.8265,3.8936
2010-07-27,3.884,3.884,3.8361,3.884
2010-07-28,3.7881,3.8648,3.7785,3.8648
2010-07-29,3.7881,3.8648,3.7881,3.8648
2010-07-30,3.8457,3.8648,3.7881,3.8552
2010-08-02,3.8552,3.8552,3.8457,3.8552
2010-08-03,3.8361,3.884,3.8073,3.884
2010-08-04,3.8169,4.047,3.8169,4.0375
2010-08-05,3.9416,4.0375,3.8648,3.8648
2010-08-06,3.932,3.9703,3.7977,3.9703
2010-08-09,3.9703,3.9703,3.8361,3.9703
2010-08-10,3.9895,3.9895,3.7881,3.9799
2010-08-11,3.8552,3.9607,3.8552,3.9607
2010-08-12,3.8744,3.8744,3.8169,3.8169
2010-08-13,3.8169,3.884,3.8169,3.884
2010-08-16,3.884,3.9032,3.8361,3.9032
2010-08-17,3.9032,3.9799,3.9032,3.9032
2010-08-18,3.9511,4.1813,3.9416,4.1813
2010-08-19,4.1238,4.2005,4.0375,4.1717
2010-08-20,3.9607,4.0758,3.9607,3.9895
2010-08-23,4.0758,4.143,3.9799,4.047
2010-08-24,4.143,4.143,3.9607,4.1046
2010-08-25,4.0854,4.0854,4.0854,4.0854
2010-08-26,4.1238,4.1909,4.0375,4.143
2010-08-27,4.143,4.1717,4.0758,4.1717
2010-08-30,4.1717,4.5553,4.1717,4.4594
2010-08-31,4.3635,4.3635,4.0854,4.2772
2010-09-01,4.2676,4.2676,4.095,4.2197
2010-09-02,4.2197,4.3635,4.1334,4.3539
2010-09-03,4.2197,4.2293,4.2005,4.2293
2010-09-06,4.2197,4.2484,4.143,4.1813
2010-09-07,4.1909,4.2197,4.1909,4.2197
2010-09-08,4.0854,4.306,3.8361,4.1238
2010-09-09,4.1142,4.1909,4.1142,4.1909
2010-09-10,4.1334,4.1909,4.1334,4.1909
2010-09-13,4.1813,4.2676,4.1717,4.2676
2010-09-14,4.2772,4.4978,4.2676,4.4978
2010-09-15,4.4978,4.6033,4.3156,4.3156
2010-09-16,4.4019,4.5074,4.2197,4.258
2010-09-17,4.4019,4.5553,4.3156,4.5553
2010-09-20,4.6992,5.6774,4.6992,5.6774
2010-09-21,6.224,6.224,5.3225,5.8308
2010-09-22,5.7541,5.7541,5.3034,5.7541
2010-09-23,5.7541,5.8692,5.5911,5.6486
2010-09-24,5.5335,5.9363,5.3801,5.9363
2010-09-27,5.7829,5.9747,5.7637,5.8692
2010-09-28,5.85,5.9075,5.5335,5.8212
2010-09-29,5.85,6.0898,5.85,5.9459
2010-09-30,6.0322,6.0802,5.9939,6.0706
2010-10-01,6.0706,6.0706,5.802,6.013
2010-10-04,5.8884,6.0322,5.85,6.0322
2010-10-05,5.7733,6.0898,5.6198,5.7445
2010-10-06,5.6582,5.7541,5.428,5.7253
2010-10-07,5.8884,5.8884,5.6007,5.85
2010-10-08,5.85,5.85,5.3801,5.3801
2010-10-11,5.3321,5.5911,5.2842,5.3225
2010-10-12,5.4376,5.4376,5.1787,5.2554
2010-10-13,5.1307,5.2362,5.0348,5.0924
2010-10-14,5.0828,5.102,5.0348,5.0828
2010-10-15,5.0828,5.0828,4.9869,5.0732
2010-10-18,5.0732,5.0732,4.9869,5.0636
2010-10-19,4.9773,5.054,4.7184,4.7184
2010-10-20,4.7855,4.9869,4.7184,4.9581
2010-10-21,4.9485,4.9485,4.8622,4.9293
2010-10-22,4.8718,4.891,4.8718,4.891
2010-10-25,4.9293,4.9869,4.8814,4.9198
2010-10-26,4.8526,4.8526,4.8334,4.8334
2010-10-27,4.8334,4.8622,4.7855,4.843
2010-10-28,4.8622,4.8814,4.6992,4.8334
2010-10-29,4.8334,4.8334,4.7184,4.7951
2010-11-02,4.7855,4.7951,4.728,4.7951
2010-11-03,4.7471,4.8526,4.7471,4.8526
2010-11-04,4.8526,5.0636,4.8526,5.054
2010-11-05,5.054,5.5335,5.054,5.4664
2010-11-08,5.3801,5.6198,5.2746,5.5527
2010-11-09,5.5623,5.5623,5.3034,5.3705
2010-11-10,5.1307,5.5048,5.1211,5.3993
2010-11-12,5.2842,5.4568,5.2746,5.4376
2010-11-15,5.4376,5.6774,5.3993,5.4664
2010-11-16,5.3993,5.6582,5.3705,5.5048
2010-11-17,5.4664,5.4952,5.4184,5.4664
2010-11-18,5.3705,5.4568,5.2746,5.4089
2010-11-19,5.313,5.3705,5.1499,5.313
2010-11-22,5.1691,5.4089,5.0636,5.4089
2010-11-23,5.2746,5.2746,5.1499,5.1787
2010-11-24,5.3705,5.3705,5.102,5.265
2010-11-26,5.3513,5.3513,5.1499,5.2842
2010-11-29,5.2842,5.2842,5.0732,5.2458
2010-11-30,5.217,5.2746,5.054,5.054
2010-12-01,5.0828,5.2362,5.0828,5.2362
2010-12-02,5.217,5.217,5.1211,5.217
2010-12-03,5.217,5.217,5.1211,5.1787
2010-12-06,5.1211,5.428,5.1211,5.3417
2010-12-07,5.3225,5.4952,5.3225,5.4664
2010-12-08,5.5143,5.5143,5.1787,5.5143
2010-12-09,5.2938,5.6007,4.9773,5.4472
2010-12-10,5.2746,5.4664,5.2746,5.4664
2010-12-13,5.2266,5.4664,5.1787,5.1787
2010-12-14,5.1787,5.428,5.1787,5.428
2010-12-15,5.4472,5.4472,5.2266,5.4472
2010-12-16,5.4568,5.4664,5.2746,5.4472
2010-12-17,5.4472,5.639,5.4472,5.5527
2010-12-20,5.5527,5.6102,5.1979,5.3225
2010-12-21,5.3321,5.3801,5.2362,5.3801
2010-12-22,5.3801,5.3801,5.3513,5.3609
2010-12-23,5.2554,5.3993,5.2554,5.3993
2010-12-27,5.3897,5.3897,5.2075,5.3801
2010-12-28,5.2458,5.3801,5.1979,5.3705
2010-12-29,5.3609,5.3705,5.0061,5.265
2010-12-30,5.0828,5.2458,5.0636,5.2458
2010-12-31,5.1307,5.217,5.1307,5.217
2011-01-03,4.891,5.2075,4.891,4.9773
2011-01-04,5.0828,5.1403,4.8526,5.1403
2011-01-05,4.9773,5.1307,4.9581,4.9869
2011-01-07,5.0924,5.265,5.0157,5.2458
2011-01-11,5.2458,5.4952,5.102,5.1307
2011-01-12,5.3897,5.3897,5.0828,5.0828
2011-01-13,5.0828,5.265,5.0828,5.265
2011-01-14,5.2554,5.2938,5.1211,5.2938
2011-01-17,5.1787,5.1787,5.1787,5.1787
2011-01-18,5.1787,5.2746,5.1787,5.1787
2011-01-19,5.1787,5.1787,5.0061,5.1787
2011-01-20,5.1787,5.1787,5.1787,5.1787
2011-01-21,5.054,5.1787,5.0061,5.1787
2011-01-25,5.1691,5.3225,5.0828,5.3225
2011-01-26,5.3225,5.3321,5.3225,5.3225
2011-01-27,5.3513,5.3705,5.2842,5.3225
2011-01-28,5.3225,5.3705,5.3225,5.3705
2011-01-31,5.3609,5.4376,5.265,5.3705
2011-02-01,5.3705,5.6102,5.3705,5.6102
2011-02-02,5.639,5.85,5.6102,5.85
2011-02-03,5.85,5.9267,5.6102,5.7733
2011-02-04,5.6582,5.7541,5.6198,5.7541
2011-02-07,5.7541,5.7541,5.5719,5.7061
2011-02-08,5.7541,5.7541,5.6294,5.7445
2011-02-09,5.7445,5.85,5.6582,5.85
2011-02-10,5.7541,5.8788,5.5815,5.7061
2011-02-11,5.6678,5.7445,5.2938,5.428
2011-02-14,5.4664,5.4664,5.217,5.217
2011-02-15,5.2075,5.2746,5.0924,5.2746
2011-02-16,5.1499,5.1499,5.0828,5.0828
2011-02-17,5.265,5.265,5.265,5.265
2011-02-18,5.265,5.4568,5.265,5.3705
2011-02-21,5.2458,5.4184,5.2458,5.3993
2011-02-22,5.3993,5.3993,5.2746,5.2746
2011-02-23,5.2746,5.3993,5.2746,5.3993
2011-02-24,5.3225,5.3897,5.2554,5.3897
2011-02-25,5.5143,5.6486,5.4184,5.6102
2011-02-28,5.6966,5.7349,5.5335,5.6774
2011-03-01,5.6486,5.6486,5.2362,5.265
2011-03-02,5.265,5.265,5.1211,5.2554
2011-03-03,5.2458,5.4376,5.1403,5.4376
2011-03-04,5.1979,5.4184,5.1883,5.4184
2011-03-07,5.2266,5.4184,5.1979,5.3993
2011-03-08,5.2075,5.3897,5.2075,5.3897
2011-03-09,5.2075,5.2075,5.1883,5.1883
2011-03-10,5.2075,5.265,5.1403,5.265
2011-03-11,5.3225,5.3225,5.1403,5.1403
2011-03-14,5.1307,5.3225,5.0636,5.2458
2011-03-15,5.0924,5.1595,4.8622,5.1307
2011-03-16,4.9485,5.1116,4.9485,5.102
2011-03-17,4.9485,5.1116,4.9485,5.1116
2011-03-18,5.1116,5.2746,4.9869,5.2746
2011-03-21,5.3034,5.3034,5.1211,5.2938
2011-03-22,5.2554,5.2554,5.0828,5.1787
2011-03-23,5.0828,5.1883,5.0252,5.1787
2011-03-24,5.1691,5.1883,5.1691,5.1883
2011-03-25,5.1883,5.3705,5.1883,5.3321
2011-03-28,5.3321,5.3609,5.1691,5.3225
2011-03-29,5.1883,5.3034,5.1883,5.3034
2011-03-30,5.1595,5.2746,5.054,5.2746
2011-03-31,5.102,5.2554,5.102,5.2554
2011-04-01,5.102,5.2554,5.0924,5.2554
2011-04-04,5.1787,5.4376,5.1787,5.3705
2011-04-05,5.4376,5.5719,5.4376,5.5623
2011-04-06,5.5431,5.5623,5.5335,5.5623
2011-04-07,5.5623,5.5911,5.5527,5.5623
2011-04-08,5.5143,5.6007,5.5143,5.5911
2011-04-11,5.5239,5.5623,5.4184,5.5623
2011-04-12,5.5623,5.5623,5.4664,5.4664
2011-04-13,5.3417,5.5623,5.3321,5.5527
2011-04-14,5.3034,5.3034,5.2266,5.2266
2011-04-15,5.2362,5.3225,5.2266,5.3225
2011-04-18,5.1787,5.3609,5.1403,5.3609
2011-04-20,5.1403,5.3609,5.1403,5.3609
2011-04-21,5.1691,5.3034,5.1595,5.3034
2011-04-26,5.1499,5.3034,5.1403,5.3034
2011-04-27,5.1787,5.265,5.1403,5.265
2011-04-28,5.1787,5.2554,5.1787,5.2554
2011-04-29,5.2554,5.2554,5.1787,5.2554
2011-05-02,5.1403,5.1403,5.1307,5.1403
2011-05-04,5.1403,5.1787,5.1116,5.1787
2011-05-05,5.1499,5.2266,5.0732,5.2266
2011-05-06,5.0924,5.0924,5.054,5.0636
2011-05-09,5.0348,5.1883,5.0348,5.0828
2011-05-10,5.0924,5.1691,5.0828,5.1691
2011-05-11,5.0924,5.0924,5.0252,5.0252
2011-05-12,5.0348,5.0924,4.891,5.0924
2011-05-13,5.1116,5.2075,5.102,5.2075
2011-05-16,5.1403,5.1403,5.1403,5.1403
2011-05-17,5.0348,5.1211,5.0061,5.0828
2011-05-18,5.0061,5.0061,4.8143,4.9773
2011-05-19,4.843,5.0252,4.843,5.0252
2011-05-20,4.9869,5.1211,4.9869,5.1211
2011-05-23,4.891,5.102,4.891,5.102
2011-05-24,4.8622,4.9006,4.8622,4.9006
2011-05-25,4.8526,4.9773,4.7951,4.9773
2011-05-26,4.843,4.843,4.7951,4.7951
2011-05-27,4.7951,4.8526,4.7951,4.8526
2011-05-30,4.7951,4.9006,4.7471,4.9006
2011-05-31,4.9198,4.9198,4.9198,4.9198
2011-06-02,4.9102,4.9102,4.9102,4.9102
2011-06-06,4.6992,4.891,4.6033,4.843
2011-06-07,4.843,5.1787,4.843,5.0828
2011-06-08,5.0828,5.2266,4.9581,5.1691
2011-06-09,4.9677,5.1403,4.7951,5.0732
2011-06-10,4.6129,5.0061,4.6129,4.9006
2011-06-13,4.6992,4.7951,4.5457,4.7951
2011-06-15,4.6033,4.6512,4.4115,4.4115
2011-06-16,4.3348,4.4978,4.3252,4.4115
2011-06-17,4.5074,4.5361,4.5074,4.5361
2011-06-20,4.4211,4.6704,4.4115,4.6608
2011-06-21,4.6608,5.054,4.6608,4.9869
2011-06-22,4.7855,4.9773,4.7759,4.891
2011-06-24,4.7951,4.8814,4.7951,4.8814
2011-06-27,4.8718,4.8718,4.6992,4.6992
2011-06-28,4.4786,4.6033,4.4786,4.6033
2011-06-29,4.6129,4.6992,4.6033,4.6992
2011-07-01,4.469,4.6896,4.469,4.6896
2011-07-04,4.5937,4.8143,4.5457,4.8143
2011-07-05,4.8047,4.9773,4.8047,4.9773
2011-07-07,4.5266,4.5841,4.5266,4.5841
2011-07-08,4.4978,4.4978,4.4978,4.4978
2011-07-11,4.4882,4.4882,4.3156,4.3156
2011-07-12,4.3156,4.3156,4.3156,4.3156
2011-07-13,4.3156,4.3156,4.2197,4.2197
2011-07-14,4.2197,4.2197,4.2197,4.2197
2011-07-15,4.1238,4.2197,4.1238,4.2197
2011-07-18,4.095,4.4019,4.095,4.3156
2011-07-19,4.3156,4.3156,4.1813,4.1813
2011-07-20,4.306,4.306,4.258,4.258
2011-07-21,4.258,4.3156,4.2197,4.3156
2011-07-22,4.3156,4.3252,4.1717,4.2868
2011-07-25,4.143,4.143,4.1238,4.1238
2011-07-26,4.1238,4.1238,4.1238,4.1238
2011-07-27,4.0183,4.0375,4.0183,4.0375
2011-07-28,4.0662,4.3156,4.0566,4.3156
2011-07-29,4.3156,4.3156,4.2005,4.306
2011-08-01,4.306,4.306,4.2197,4.306
2011-08-02,4.2964,4.2964,4.1813,4.2676
2011-08-03,4.095,4.095,3.6922,3.932
2011-08-04,3.8361,3.8361,3.5484,3.5484
2011-08-05,3.3374,3.5292,3.3278,3.51
2011-08-08,3.3566,3.3566,3.2607,3.3374
2011-08-09,3.3182,3.8744,3.3182,3.7018
2011-08-10,3.8744,3.884,3.558,3.721
2011-08-11,3.5196,3.932,3.5196,3.932
2011-08-12,3.673,4.0662,3.673,4.0183
2011-08-16,3.7785,4.0087,3.7402,4.0087
2011-08-17,3.7306,3.8552,3.7306,3.8552
2011-08-18,3.8073,3.8073,3.3661,3.5484
2011-08-19,3.4333,3.6251,3.4141,3.6251
2011-08-22,3.5484,3.5484,3.5388,3.5388
2011-08-23,3.5292,3.6251,3.4525,3.6251
2011-08-24,3.6826,3.6826,3.5388,3.5388
2011-08-25,3.673,3.673,3.5004,3.5675
2011-08-26,3.5771,3.5771,3.5771,3.5771
2011-08-29,3.5771,3.5771,3.51,3.5771
2011-08-30,3.5484,3.8457,3.5484,3.8265
2011-08-31,3.8265,3.932,3.6922,3.6922
2011-09-02,3.7593,3.7593,3.6922,3.6922
2011-09-05,3.6443,3.6443,3.6443,3.6443
2011-09-06,3.6443,3.6443,3.5292,3.5292
2011-09-07,3.5292,3.5388,3.4045,3.4812
2011-09-08,3.5771,3.5771,3.5771,3.5771
2011-09-09,3.6443,3.6443,3.6443,3.6443
2011-09-12,3.6443,3.6443,3.6443,3.6443
2011-09-13,3.4237,3.6443,3.3182,3.6443
2011-09-14,3.2894,3.6251,3.2894,3.6251
2011-09-15,3.462,3.6251,3.462,3.6251
2011-09-16,3.6251,3.6251,3.6251,3.6251
2011-09-19,3.3566,3.4141,3.2702,3.3566
2011-09-20,3.4141,3.4141,3.4141,3.4141
2011-09-21,3.4141,3.5484,3.4141,3.5484
2011-09-22,3.51,3.5963,3.2607,3.5963
2011-09-23,3.3374,3.5484,3.2607,3.5484
2011-09-26,3.5484,3.5484,3.5484,3.5484
2011-09-27,3.2607,3.5292,3.2607,3.5292
2011-09-28,3.4237,3.4237,3.2415,3.2415
2011-09-29,3.0593,3.1456,3.0593,3.1456
2011-09-30,3.0401,3.1072,2.9538,3.088
2011-10-03,3.0689,3.0689,2.9346,3.0209
2011-10-04,2.973,3.0209,2.973,3.0209
2011-10-05,3.0209,3.0209,2.8675,3.0209
2011-10-06,3.2607,3.2607,3.1168,3.1168
2011-10-07,3.1168,3.2127,3.0209,3.2127
2011-10-10,3.2127,3.2607,3.2127,3.2607
2011-10-11,3.3182,3.3182,3.1552,3.2511
2011-10-12,3.2127,3.3566,3.2127,3.3566
2011-10-13,3.3566,3.5963,3.3566,3.5484
2011-10-14,3.5484,3.5484,3.5196,3.5196
2011-10-17,3.5196,3.5196,3.2798,3.4141
2011-10-18,3.4141,3.4141,3.4141,3.4141
2011-10-19,3.4141,3.4237,3.4141,3.4237
2011-10-20,3.4237,3.4237,3.4237,3.4237
2011-10-21,3.4141,3.4525,3.4141,3.4525
2011-10-24,3.4525,3.4525,3.4525,3.4525
2011-10-25,3.4525,3.4525,3.3086,3.4525
2011-10-26,3.4141,3.4141,3.2415,3.3566
2011-10-27,3.347,3.347,3.347,3.347
2011-10-28,3.3757,3.3757,3.3757,3.3757
2011-10-31,3.3949,3.3949,3.2127,3.3757
2011-11-02,3.1743,3.3182,3.1264,3.2607
2011-11-03,3.3086,3.3278,3.0689,3.3278
2011-11-04,3.4045,3.4045,3.2894,3.2894
2011-11-07,3.3853,3.3853,3.1743,3.3566
2011-11-08,3.3566,3.3566,3.3086,3.3086
2011-11-09,3.3086,3.3374,3.2223,3.3374
2011-11-10,3.299,3.299,3.2798,3.2798
2011-11-14,3.299,3.299,3.1935,3.2798
2011-11-15,3.299,3.299,3.1552,3.2798
2011-11-16,3.2894,3.299,3.2894,3.299
2011-11-17,3.347,3.347,3.3086,3.3086
2011-11-18,3.347,3.347,3.347,3.347
2011-11-21,3.1552,3.1552,3.0305,3.0784
2011-11-22,3.0784,3.0784,2.973,3.0689
2011-11-23,3.0689,3.3086,2.9154,3.3086
2011-11-24,3.2607,3.2607,3.2607,3.2607
2011-11-25,3.347,3.347,2.9921,2.9921
2011-11-28,3.0689,3.0689,3.0689,3.0689
2011-11-29,3.0689,3.0689,3.0017,3.0689
2011-11-30,3.0689,3.3757,3.0689,3.3757
2011-12-01,3.3086,3.3086,3.1648,3.1648
2011-12-02,3.1743,3.2607,2.973,3.2607
2011-12-05,3.2607,3.2607,3.0401,3.2607
2011-12-06,3.2607,3.2607,3.2607,3.2607
2011-12-07,3.2607,3.3278,3.1648,3.2511
2011-12-08,3.1648,3.4237,3.1264,3.4237
2011-12-09,3.4525,3.4525,3.4237,3.4237
2011-12-12,3.3086,3.3086,2.973,3.0305
2011-12-13,3.0689,3.0689,3.0689,3.0689
2011-12-14,3.0305,3.1456,2.973,3.1456
2011-12-15,3.1456,3.1456,3.088,3.1456
2011-12-16,3.136,3.136,3.0209,3.1264
2011-12-19,3.1072,3.1072,2.9825,3.1072
2011-12-20,3.1072,3.1072,2.973,3.0689
2011-12-21,3.0593,3.136,3.0593,3.136
2011-12-22,3.136,3.136,3.0113,3.136
2011-12-23,3.136,3.136,2.973,3.1072
2011-12-27,3.0689,3.0689,2.7811,2.7811
2011-12-28,2.9058,2.9058,2.7332,2.8675
2011-12-29,2.877,3.1552,2.877,3.1552
2011-12-30,3.1456,3.4237,3.1456,3.4045
2012-01-02,3.4141,3.5963,3.2607,3.5963
2012-01-03,3.6922,3.6922,3.3566,3.6443
2012-01-04,3.3566,3.6251,3.2798,3.5963
2012-01-05,3.5963,3.5963,3.2607,3.4237
2012-01-09,3.4237,3.4237,3.2319,3.4237
2012-01-10,3.3086,3.3086,3.0113,3.1456
2012-01-11,3.136,3.1456,3.0209,3.0209
2012-01-12,3.0209,3.1264,3.0209,3.088
2012-01-13,3.0784,3.1456,3.0784,3.1456
2012-01-16,3.1456,3.1456,3.088,3.1456
2012-01-17,3.1456,3.4237,3.1456,3.4045
2012-01-18,3.4045,3.4045,3.4045,3.4045
2012-01-19,3.3757,3.3757,3.1264,3.136
2012-01-20,3.3086,3.3949,3.2127,3.3949
2012-01-23,3.3661,3.3661,3.3566,3.3566
2012-01-24,3.3661,3.3661,3.2223,3.3182
2012-01-25,3.3182,3.3566,3.3182,3.3566
2012-01-26,3.347,3.3566,3.2127,3.3086
2012-01-27,3.3086,3.5004,3.2127,3.4525
2012-01-30,3.4525,3.5196,3.3086,3.5196
2012-01-31,3.5292,3.5292,3.4045,3.5292
2012-02-01,3.5388,3.5388,3.5196,3.5196
2012-02-02,3.4045,3.5388,3.4045,3.5388
2012-02-03,3.5388,3.7881,3.4045,3.7785
2012-02-06,3.7785,4.1142,3.6443,4.0279
2012-02-07,4.0758,4.2676,3.7881,3.884
2012-02-08,3.884,3.884,3.7114,3.884
2012-02-09,3.884,3.884,3.7402,3.884
2012-02-10,4.0758,4.0758,3.6059,3.7402
2012-02-13,3.7593,3.7593,3.7593,3.7593
2012-02-14,3.7593,4.0279,3.6059,4.0279
2012-02-15,3.9703,3.9703,3.8169,3.9511
2012-02-16,3.9607,3.9607,3.932,3.932
2012-02-17,3.7977,3.884,3.7881,3.884
2012-02-20,3.8361,3.8744,3.7018,3.7018
2012-02-21,3.6634,3.7498,3.6155,3.7498
2012-02-22,3.7498,3.7498,3.7306,3.7306
2012-02-23,3.7306,3.7306,3.721,3.7306
2012-02-24,3.7114,3.7114,3.7114,3.7114
2012-02-27,3.7114,3.7114,3.7114,3.7114
2012-02-28,3.7114,3.721,3.5963,3.721
2012-02-29,3.7018,3.7018,3.5963,3.6922
2012-03-01,3.5963,3.5963,3.3566,3.4333
2012-03-02,3.4716,3.4716,2.8675,3.0689
2012-03-05,3.1072,3.1072,2.8483,3.0113
2012-03-06,2.9825,2.9921,2.8195,2.8387
2012-03-07,2.9154,2.9538,2.7716,2.9538
2012-03-08,2.9538,2.9538,2.8579,2.9442
2012-03-09,2.9154,2.9154,2.877,2.9154
2012-03-12,2.9442,2.9442,2.7811,2.8579
2012-03-13,2.8579,2.877,2.7811,2.8675
2012-03-14,2.8675,2.925,2.8291,2.8962
2012-03-15,2.8962,2.8962,2.7811,2.8483
2012-03-16,2.877,2.8866,2.8483,2.877
2012-03-19,2.877,2.9058,2.7716,2.9058
2012-03-20,2.9058,2.9058,2.8291,2.877
2012-03-21,2.877,2.877,2.7811,2.8387
2012-03-22,2.8387,2.8579,2.7332,2.7811
2012-03-23,2.8579,2.8579,2.7428,2.7428
2012-03-26,2.7428,2.877,2.7428,2.877
2012-03-27,2.9058,2.973,2.9058,2.9634
2012-03-28,2.9154,2.9634,2.877,2.877
2012-03-29,2.877,2.877,2.8099,2.8195
2012-03-30,2.8579,2.9154,2.8291,2.9154
2012-04-02,2.8962,2.9346,2.8579,2.9346
2012-04-03,2.9634,2.9825,2.9442,2.9442
2012-04-04,2.973,2.9825,2.8962,2.9825
2012-04-05,2.9538,2.9538,2.8675,2.9442
2012-04-10,2.973,2.973,2.877,2.877
2012-04-11,2.877,2.9442,2.8003,2.9442
2012-04-12,2.8195,2.8675,2.762,2.8675
2012-04-13,2.7907,2.8675,2.7716,2.8675
2012-04-17,2.7907,2.8675,2.7716,2.8675
2012-04-18,2.7811,2.7811,2.7811,2.7811
2012-04-19,2.762,2.8291,2.762,2.8291
2012-04-20,2.762,2.762,2.7524,2.762
2012-04-23,2.762,2.762,2.6469,2.6469
2012-04-24,2.6661,2.6661,2.5893,2.5893
2012-04-25,2.6373,2.6373,2.6373,2.6373
2012-04-26,2.6373,2.6373,2.6373,2.6373
2012-04-27,2.6373,2.6373,2.5893,2.6181
2012-04-30,2.6085,2.6085,2.5798,2.5798
2012-05-02,2.5318,2.5798,2.4455,2.5798
2012-05-04,2.6373,2.6373,2.6373,2.6373
2012-05-07,2.551,2.551,2.3784,2.4743
2012-05-08,2.4934,2.4934,2.3975,2.4071
2012-05-09,2.4071,2.4551,2.4071,2.4551
2012-05-10,2.4839,2.4839,2.4839,2.4839
2012-05-11,2.4839,2.5126,2.4167,2.5126
2012-05-14,2.5222,2.5893,2.4934,2.5893
2012-05-16,2.6181,2.6181,2.4934,2.5126
2012-05-17,2.5126,2.6948,2.5126,2.6181
2012-05-18,2.6181,2.7044,2.5893,2.6852
2012-05-21,2.6373,2.7332,2.6181,2.6181
2012-05-22,2.6757,2.877,2.6757,2.877
2012-05-23,2.7811,2.7811,2.7811,2.7811
2012-05-24,2.7332,2.7332,2.5893,2.5893
2012-05-25,2.5893,2.5893,2.5893,2.5893
2012-05-28,2.5318,2.8675,2.5318,2.8291
2012-05-29,2.877,2.877,2.8291,2.877
2012-05-30,2.8291,2.8291,2.8291,2.8291
2012-05-31,2.8675,2.8675,2.7332,2.7332
2012-06-01,2.7332,2.8579,2.7332,2.8579
2012-06-04,2.8579,2.8579,2.7428,2.8579
2012-06-05,2.7332,2.7811,2.7332,2.7811
2012-06-06,2.7811,2.7811,2.7811,2.7811
2012-06-08,2.8099,2.8099,2.8099,2.8099
2012-06-11,2.8003,2.8003,2.8003,2.8003
2012-06-12,2.8003,2.8003,2.7811,2.7811
2012-06-13,2.6852,2.8195,2.6852,2.8195
2012-06-14,2.7811,2.8579,2.7811,2.8483
2012-06-15,2.8675,2.8675,2.7428,2.8387
2012-06-18,2.8483,2.8483,2.6852,2.6852
2012-06-19,2.7236,2.8195,2.7236,2.8195
2012-06-20,2.8195,2.8195,2.8195,2.8195
2012-06-21,2.6948,2.8003,2.6948,2.7332
2012-06-22,2.7332,2.7332,2.7332,2.7332
2012-06-25,2.6852,2.6852,2.6852,2.6852
2012-06-26,2.6661,2.6661,2.6277,2.6373
2012-06-27,2.6852,2.8195,2.6852,2.6852
2012-06-28,2.6852,2.7524,2.6757,2.7524
2012-06-29,2.7236,2.7716,2.7236,2.7716
2012-07-02,2.7716,2.7716,2.7716,2.7716
2012-07-04,2.7811,2.7907,2.7332,2.7907
2012-07-05,2.7907,2.7907,2.7428,2.762
2012-07-06,2.7907,2.8291,2.7428,2.8291
2012-07-09,2.8483,2.8483,2.8291,2.8291
2012-07-10,2.8291,2.8291,2.6948,2.8291
2012-07-11,2.8195,2.8195,2.7044,2.7044
2012-07-12,2.7044,2.7044,2.6948,2.6948
2012-07-13,2.6948,2.6948,2.6852,2.6852
2012-07-16,2.6469,2.6469,2.5798,2.5798
2012-07-17,2.6277,2.6277,2.3784,2.4743
2012-07-18,2.4839,2.6373,2.4839,2.6373
2012-07-19,2.6565,2.877,2.6565,2.877
2012-07-20,2.8291,2.8675,2.8291,2.8675
2012-07-23,2.8675,2.8675,2.6948,2.8483
2012-07-24,2.7332,2.7332,2.7332,2.7332
2012-07-25,2.7716,2.7716,2.7716,2.7716
2012-07-26,2.8291,2.8291,2.6661,2.7811
2012-07-27,2.7811,2.7811,2.7811,2.7811
2012-07-30,2.6852,2.6852,2.6852,2.6852
2012-07-31,2.6565,2.6565,2.6565,2.6565
2012-08-01,2.6565,2.7811,2.6565,2.7811
2012-08-02,2.6565,2.6565,2.6565,2.6565
2012-08-06,2.6565,2.6565,2.6565,2.6565
2012-08-07,2.6565,2.6565,2.6565,2.6565
2012-08-08,2.6565,2.6565,2.6565,2.6565
2012-08-09,2.6565,2.6852,2.6565,2.6565
2012-08-13,2.6852,2.6852,2.6852,2.6852
2012-08-14,2.6852,2.6852,2.6852,2.6852
2012-08-16,2.6948,2.8003,2.6948,2.8003
2012-08-17,2.6948,2.6948,2.6852,2.6852
2012-08-20,2.7332,2.8003,2.7332,2.8003
2012-08-21,2.8003,2.8003,2.762,2.8003
2012-08-22,2.8387,3.0689,2.8387,3.0593
2012-08-23,3.0593,3.0593,2.925,2.9921
2012-08-24,3.0113,3.0113,2.8962,2.8962
2012-08-27,2.925,3.0401,2.925,3.0401
2012-08-28,3.0497,3.2607,3.0401,3.2415
2012-08-29,3.2415,3.2511,3.1072,3.2511
2012-08-30,3.2511,3.3949,3.2511,3.3566
2012-08-31,3.3566,3.3566,3.1648,3.2607
2012-09-03,3.2607,3.2607,3.2607,3.2607
2012-09-04,3.2607,3.2607,3.0784,3.1552
2012-09-05,3.0784,3.2031,3.0784,3.2031
2012-09-06,3.2127,3.2511,3.1648,3.2511
2012-09-07,3.2511,3.2511,3.2127,3.2127
2012-09-10,3.1072,3.1648,3.088,3.1648
2012-09-11,3.0784,3.0784,3.0784,3.0784
2012-09-12,3.0784,3.0784,2.9921,2.9921
2012-09-13,3.0689,3.0689,3.0689,3.0689
2012-09-14,3.0209,3.0209,2.877,2.877
2012-09-17,3.0305,3.0305,2.9825,2.9825
2012-09-18,3.0305,3.0305,3.0305,3.0305
2012-09-19,2.973,2.973,2.9442,2.9442
2012-09-20,2.925,3.0209,2.925,3.0209
2012-09-21,3.0209,3.0497,2.9154,3.0401
2012-09-24,3.0497,3.0497,2.925,3.0209
2012-09-25,3.0209,3.088,3.0209,3.088
2012-09-26,3.088,3.088,3.0209,3.0209
2012-09-27,3.0784,3.0784,3.0209,3.0689
2012-09-28,3.0784,3.0784,3.0113,3.0209
2012-10-01,3.0784,3.0784,3.0784,3.0784
2012-10-02,3.0784,3.0784,2.973,3.0401
2012-10-03,2.9825,2.9825,2.9825,2.9825
2012-10-04,3.0784,3.0784,2.9825,3.0113
2012-10-05,3.0784,3.0784,2.9825,3.0593
2012-10-08,3.0593,3.0593,2.9921,3.0401
2012-10-09,3.0689,3.2319,3.0401,3.1552
2012-10-10,3.1648,3.2607,3.1552,3.2127
2012-10-11,3.1552,3.1648,3.0209,3.1648
2012-10-12,3.2415,3.2415,3.0976,3.0976
2012-10-15,3.1264,3.1935,3.1168,3.1168
2012-10-16,3.1264,3.1935,3.1264,3.1743
2012-10-17,3.1743,3.2223,3.1456,3.2223
2012-10-18,3.1648,3.1648,3.1072,3.1648
2012-10-19,3.136,3.2127,3.136,3.2127
2012-10-22,3.2127,3.2223,3.1648,3.2223
2012-10-23,3.1648,3.2127,3.1648,3.2127
2012-10-24,3.2127,3.2127,3.088,3.1456
2012-10-25,3.1456,3.1456,3.0976,3.1168
2012-10-26,3.1456,3.1456,3.0784,3.0784
2012-10-29,3.0305,3.0689,3.0209,3.0689
2012-10-30,3.0689,3.0689,2.9825,3.0689
2012-10-31,3.0689,3.0689,3.0689,3.0689
2012-11-02,3.0689,3.0689,3.0689,3.0689
2012-11-05,3.0689,3.1648,3.0689,3.1648
2012-11-06,3.1552,3.1648,3.1552,3.1648
2012-11-07,3.2127,3.2127,3.0593,3.0593
2012-11-08,3.0784,3.1552,3.0784,3.1552
2012-11-09,3.0305,3.1168,3.0305,3.1168
2012-11-12,3.1168,3.1168,3.0497,3.0497
2012-11-13,3.0593,3.0593,3.0593,3.0593
2012-11-14,3.0689,3.2223,3.0689,3.2223
2012-11-15,3.0305,3.0305,2.7907,2.9634
2012-11-16,2.7428,3.0784,2.7428,2.8291
2012-11-19,3.0401,3.0401,2.7428,2.877
2012-11-20,2.877,2.877,2.877,2.877
2012-11-21,2.7524,2.7524,2.6277,2.6757
2012-11-22,2.6373,2.6852,2.6373,2.6852
2012-11-23,2.6373,2.6373,2.6373,2.6373
2012-11-26,2.6373,2.6373,2.6373,2.6373
2012-11-27,2.6852,2.7332,2.6852,2.6948
2012-11-28,2.7044,2.7044,2.6852,2.6852
2012-11-29,2.6469,2.6469,2.6469,2.6469
2012-11-30,2.6469,2.6757,2.6373,2.6373
2012-12-03,2.6661,2.6661,2.6661,2.6661
2012-12-04,2.6469,2.6469,2.6373,2.6373
2012-12-05,2.6852,2.6852,2.6373,2.6373
2012-12-06,2.6565,2.7332,2.6373,2.7332
2012-12-07,2.7716,2.7716,2.7716,2.7716
2012-12-10,2.7811,2.7811,2.7811,2.7811
2012-12-11,2.7811,2.7811,2.7811,2.7811
2012-12-12,2.7044,2.7716,2.7044,2.7044
2012-12-13,2.7716,2.7907,2.7716,2.7811
2012-12-14,2.7811,2.7811,2.7044,2.7044
2012-12-17,2.714,2.714,2.5989,2.5989
2012-12-18,2.5989,2.5989,2.5702,2.5798
2012-12-19,2.5893,2.5893,2.5798,2.5893
2012-12-20,2.5989,2.714,2.5989,2.714
2012-12-21,2.714,2.7332,2.714,2.7332
2012-12-27,2.7332,2.7332,2.7332,2.7332
2012-12-28,2.762,2.762,2.6085,2.7332
2013-01-02,2.7236,2.7236,2.6852,2.6852
2013-01-03,2.7044,2.7044,2.7044,2.7044
2013-01-04,2.7332,2.7332,2.6565,2.6565
2013-01-07,2.714,2.714,2.6181,2.6181
2013-01-08,2.762,2.762,2.7332,2.7332
2013-01-09,2.762,2.762,2.6948,2.6948
2013-01-10,2.6948,3.1168,2.6948,3.0784
2013-01-11,3.1935,3.3566,3.0689,3.1168
2013-01-14,3.1168,3.1648,3.0497,3.0784
2013-01-15,3.088,3.2798,3.088,3.2511
2013-01-16,3.2415,3.2415,2.925,3.088
2013-01-17,3.088,3.136,2.9442,3.0593
2013-01-18,3.0593,3.0689,2.9058,2.9346
2013-01-21,2.9154,2.9154,2.8387,2.8866
2013-01-22,2.8866,2.925,2.8866,2.925
2013-01-23,2.8579,2.925,2.8291,2.877
2013-01-24,2.9154,2.9154,2.8387,2.8387
2013-01-25,2.9058,2.9634,2.877,2.9634
2013-01-29,2.9538,2.9634,2.9154,2.9154
2013-01-30,2.9634,3.0497,2.9154,3.0209
2013-01-31,3.0305,3.0305,2.9538,3.0209
2013-02-01,2.9825,3.0209,2.7811,2.8195
2013-02-04,2.8291,2.8291,2.7332,2.7332
2013-02-05,2.7524,2.8003,2.7332,2.8003
2013-02-06,2.8003,2.8003,2.6852,2.7044
2013-02-07,2.7332,2.7428,2.6852,2.6852
2013-02-08,2.6948,2.7716,2.6852,2.7428
2013-02-11,2.7428,2.7716,2.7428,2.7428
2013-02-12,2.7716,2.7811,2.7428,2.7428
2013-02-13,2.762,2.762,2.762,2.762
2013-02-14,2.7524,2.7524,2.7524,2.7524
2013-02-15,2.6852,2.6948,2.6852,2.6948
2013-02-18,2.7044,2.7332,2.6757,2.6757
2013-02-19,2.6852,2.6948,2.6757,2.6852
2013-02-20,2.6948,2.6948,2.6181,2.6373
2013-02-21,2.6565,2.6565,2.6565,2.6565
2013-02-25,2.6852,2.7236,2.6852,2.7236
2013-02-26,2.7428,2.7428,2.7428,2.7428
2013-02-27,2.7428,2.7428,2.6757,2.7332
2013-02-28,2.6852,2.714,2.6373,2.714
2013-03-01,2.6181,2.6181,2.6181,2.6181
2013-03-04,2.6852,2.7907,2.6373,2.7907
2013-03-05,2.8675,2.8675,2.7907,2.8291
2013-03-06,2.8291,2.8291,2.8003,2.8291
2013-03-07,2.8579,2.877,2.8483,2.877
2013-03-08,2.8579,2.877,2.8579,2.877
2013-03-11,2.9154,2.9154,2.9154,2.9154
2013-03-12,2.9442,2.9442,2.877,2.877
2013-03-13,2.877,2.877,2.8003,2.8291
2013-03-14,2.8291,2.877,2.8099,2.8099
2013-03-15,2.8195,2.877,2.8099,2.8099
2013-03-18,2.8675,2.877,2.8675,2.877
2013-03-19,2.877,2.877,2.8099,2.8675
2013-03-20,2.877,2.877,2.8195,2.8195
2013-03-21,2.877,2.877,2.877,2.877
2013-03-22,2.8099,2.877,2.7811,2.877
2013-03-25,2.7044,2.7044,2.7044,2.7044
2013-03-26,2.7044,2.8291,2.7044,2.8291
2013-03-27,2.877,2.877,2.7811,2.8579
2013-03-28,2.8483,2.8483,2.8483,2.8483
2013-04-02,2.8483,2.8483,2.7332,2.7332
2013-04-03,2.7428,2.877,2.7428,2.877
2013-04-04,2.9442,2.9442,2.7811,2.7811
2013-04-05,2.877,2.877,2.877,2.877
2013-04-08,2.877,2.877,2.7044,2.8291
2013-04-09,2.7236,2.8387,2.7236,2.8387
2013-04-10,2.8387,2.8387,2.7332,2.7332
2013-04-11,2.8387,2.8387,2.8387,2.8387
2013-04-12,2.8387,2.8387,2.7332,2.8387
2013-04-15,2.6852,2.762,2.6852,2.762
2013-04-17,2.8099,2.8099,2.6948,2.6948
2013-04-18,2.7044,2.7044,2.7044,2.7044
2013-04-19,2.7811,2.7811,2.5606,2.7044
2013-04-23,2.5989,2.6852,2.5989,2.6852
2013-04-25,2.6085,2.6948,2.5989,2.6948
2013-04-26,2.6565,2.6661,2.6565,2.6661
2013-04-30,2.5989,2.5989,2.5989,2.5989
2013-05-06,2.5989,2.5989,2.5989,2.5989
2013-05-07,2.6085,2.6469,2.5798,2.6469
2013-05-08,2.6661,2.6661,2.6085,2.6085
2013-05-09,2.5798,2.5798,2.5126,2.5318
2013-05-10,2.551,2.551,2.4647,2.4934
2013-05-13,2.503,2.5414,2.4934,2.5414
2013-05-14,2.5893,2.5893,2.5702,2.5702
2013-05-15,2.5893,2.5893,2.4839,2.4934
2013-05-16,2.503,2.6373,2.503,2.5606
2013-05-17,2.6277,2.6277,2.551,2.551
2013-05-20,2.5989,2.5989,2.5989,2.5989
2013-05-21,2.6181,2.6757,2.6181,2.6757
2013-05-22,2.6757,2.6757,2.6757,2.6757
2013-05-23,2.6757,2.6757,2.6661,2.6661
2013-05-24,2.6661,2.6661,2.551,2.5989
2013-05-27,2.6661,2.6661,2.5702,2.5702
2013-05-28,2.6661,2.6661,2.6085,2.6085
2013-05-29,2.6565,2.6565,2.551,2.5893
2013-05-31,2.6085,2.6277,2.6085,2.6277
2013-06-03,2.6565,2.6661,2.5893,2.6661
2013-06-04,2.6852,2.6852,2.6852,2.6852
2013-06-05,2.6852,2.6852,2.6373,2.6373
2013-06-06,2.6852,2.9538,2.6852,2.9538
2013-06-07,2.9442,3.0497,2.9442,3.0497
2013-06-10,3.0497,3.0689,3.0497,3.0689
2013-06-11,3.0689,3.0689,3.0209,3.0209
2013-06-12,3.0305,3.0305,3.0305,3.0305
2013-06-13,3.0305,3.0305,3.0305,3.0305
2013-06-17,3.0305,3.0305,2.925,2.925
2013-06-18,3.0209,3.0209,2.973,2.973
2013-06-19,3.0209,3.0209,2.9921,2.9921
2013-06-20,3.0113,3.0113,2.8387,2.8387
2013-06-21,2.8387,3.0401,2.8387,2.9154
2013-06-24,2.8962,2.9154,2.8962,2.9154
2013-06-25,2.9442,2.9442,2.8387,2.877
2013-06-26,2.877,2.925,2.877,2.877
2013-06-27,2.925,2.925,2.925,2.925
2013-06-28,2.9154,3.1552,2.9154,3.1552
2013-07-01,3.1552,3.1552,3.0689,3.1072
2013-07-02,3.1072,3.1072,3.0976,3.0976
2013-07-03,3.0976,3.0976,3.0689,3.0689
2013-07-04,3.0689,3.0689,3.0689,3.0689
2013-07-05,3.0689,3.0689,2.973,2.973
2013-07-08,3.0689,3.0689,3.0209,3.0689
2013-07-09,3.0784,3.0976,3.0689,3.0976
2013-07-10,3.0976,3.1552,3.0401,3.1456
2013-07-11,3.1456,3.1456,3.136,3.1456
2013-07-12,3.1456,3.2031,3.1168,3.1935
2013-07-15,3.2415,3.3566,3.2415,3.347
2013-07-16,3.2607,3.2607,3.2127,3.2223
2013-07-17,3.2223,3.2223,3.0689,3.2223
2013-07-18,3.0689,3.0689,3.0689,3.0689
2013-07-19,3.0689,3.1648,3.0689,3.1648
2013-07-22,3.1648,3.1648,3.1648,3.1648
2013-07-23,3.1648,3.2127,3.1648,3.1839
2013-07-24,3.1552,3.1743,3.1552,3.1743
2013-07-25,3.1168,3.1648,3.1168,3.1648
2013-07-26,3.2607,3.2607,3.1839,3.1839
2013-07-29,3.1839,3.1839,3.1168,3.1456
2013-07-30,3.1743,3.1839,3.1456,3.1839
2013-07-31,3.1839,3.1839,3.1839,3.1839
2013-08-01,3.1743,3.1743,3.1648,3.1648
2013-08-02,3.1743,3.1743,3.1648,3.1648
2013-08-05,3.1648,3.1648,3.0497,3.0497
2013-08-06,3.0497,3.0497,2.973,3.0401
2013-08-07,3.0593,3.0593,2.973,3.0401
2013-08-08,3.0401,3.0497,3.0401,3.0497
2013-08-09,3.0497,3.1168,3.0497,3.1168
2013-08-12,3.1648,3.4525,3.1648,3.3853
2013-08-13,3.3757,3.4045,3.3757,3.3949
2013-08-14,3.4045,3.4045,3.3566,3.3853
2013-08-16,3.4429,3.4429,3.3086,3.4333
2013-08-19,3.4525,3.4525,3.3566,3.4429
2013-08-20,3.3086,3.3278,3.3086,3.3278
2013-08-21,3.347,3.347,3.347,3.347
2013-08-22,3.3566,3.3566,3.347,3.347
2013-08-23,3.3374,3.3374,3.3374,3.3374
2013-08-26,3.4429,3.4429,3.2894,3.2894
2013-08-27,3.3661,3.4045,3.3661,3.4045
2013-08-28,3.4045,3.4045,3.3757,3.3757
2013-08-29,3.3853,3.3853,3.3086,3.3853
2013-08-30,3.3853,3.3853,3.2702,3.3853
2013-09-02,3.3853,3.6155,3.3853,3.5484
2013-09-03,3.5484,3.5484,3.4045,3.4525
2013-09-04,3.5388,3.5484,3.4045,3.4045
2013-09-05,3.4045,3.4429,3.0784,3.4429
2013-09-06,3.3853,3.5484,3.3853,3.4141
2013-09-09,3.5484,3.5484,3.4045,3.4045
2013-09-10,3.5484,3.5484,3.4333,3.4333
2013-09-11,3.5484,3.5484,3.4525,3.4525
2013-09-12,3.5388,3.5388,3.3566,3.4908
2013-09-13,3.3853,3.3853,3.3278,3.3853
2013-09-16,3.5388,3.5388,3.3566,3.3853
2013-09-17,3.5388,3.5388,3.3566,3.4045
2013-09-18,3.5388,3.5388,3.3566,3.3566
2013-09-19,3.4525,3.4525,3.3182,3.4429
2013-09-20,3.4525,3.4525,3.299,3.4045
2013-09-23,3.3566,3.4525,3.3566,3.4045
2013-09-24,3.4525,3.5675,3.4525,3.5675
2013-09-25,3.5675,3.6155,3.5675,3.5963
2013-09-26,3.6155,3.8073,3.6059,3.7881
2013-09-27,3.8073,3.8073,3.6634,3.7306
2013-09-30,3.7785,3.7785,3.6155,3.7593
2013-10-01,3.6922,3.9607,3.6922,3.8744
2013-10-02,3.9799,4.0566,3.8936,4.0566
2013-10-03,4.0279,4.1621,3.884,4.0183
2013-10-04,3.9128,4.1621,3.7881,4.1621
2013-10-07,4.2197,4.2197,4.0375,4.1717
2013-10-08,4.2101,4.6225,4.2101,4.6225
2013-10-09,4.6608,4.7951,4.6512,4.7663
2013-10-10,4.632,5.1116,4.632,5.1116
2013-10-11,5.1211,5.1211,4.7088,5.0828
2013-10-14,5.0828,5.1787,4.9869,5.1787
2013-10-15,5.1307,5.2075,4.9485,5.1691
2013-10-16,5.1691,5.1691,5.0828,5.1307
2013-10-17,5.1307,5.1307,5.0828,5.1211
2013-10-18,5.1211,5.5239,5.0828,5.5239
2013-10-21,5.5239,5.5335,5.3705,5.5143
2013-10-22,5.5239,5.5239,5.1307,5.3225
2013-10-23,5.3705,5.7445,5.2746,5.7061
2013-10-24,5.7541,5.9363,5.7541,5.802
2013-10-25,5.9459,6.2336,5.9363,6.2336
2013-10-28,6.2624,6.435,6.2048,6.435
2013-10-29,6.435,6.5309,5.9459,6.5309
2013-10-30,6.4734,6.6556,6.4542,6.5117
2013-10-31,6.598,6.646,6.3966,6.598
2013-11-04,6.6939,6.9049,6.6843,6.8761
2013-11-05,6.9049,7.1734,6.9049,7.0871
2013-11-06,7.0871,7.0871,6.7323,6.7323
2013-11-07,6.7227,6.7227,6.3295,6.6652
2013-11-08,6.7131,6.9049,6.435,6.8761
2013-11-12,6.9912,7.0967,6.7802,7.0488
2013-11-13,7.0488,7.0488,6.8761,7.0392
2013-11-14,7.0296,7.0296,6.8186,6.8186
2013-11-15,7.0008,7.0488,6.4925,6.7611
2013-11-18,6.7611,6.7611,6.2336,6.6172
2013-11-19,6.6172,6.857,6.3775,6.809
2013-11-20,6.857,6.857,6.5405,6.7419
2013-11-21,6.6652,6.6652,6.5309,6.598
2013-11-22,6.7227,6.7227,6.5309,6.6843
2013-11-25,6.6556,6.6556,6.3295,6.3583
2013-11-26,6.3487,6.5213,6.3487,6.3775
2013-11-27,6.5117,6.5213,6.4254,6.4254
2013-11-28,6.4254,6.7131,6.4254,6.6939
2013-11-29,6.6939,6.9049,6.6652,6.9049
2013-12-02,7.0488,7.0488,6.7227,6.9529
2013-12-03,6.9529,6.9529,6.5884,6.6172
2013-12-04,6.5789,6.7131,6.5693,6.7131
2013-12-05,6.8953,6.8953,6.809,6.809
2013-12-06,6.8857,6.8857,6.4254,6.809
2013-12-09,6.857,6.857,6.6172,6.7131
2013-12-10,6.7131,6.7994,6.5693,6.7131
2013-12-11,6.7611,6.9529,6.7611,6.9049
2013-12-12,6.8282,6.9433,6.6172,6.9433
2013-12-13,6.9529,7.6146,6.809,7.6146
2013-12-16,7.6721,7.9982,7.6721,7.9598
2013-12-17,7.9598,7.9982,7.9119,7.9598
2013-12-18,7.7776,7.9982,7.7776,7.9982
2013-12-19,7.9982,8.1516,7.8639,8.1229
2013-12-20,8.1229,8.1516,7.8735,8.142
2013-12-23,8.142,8.3147,7.9886,8.2475
2013-12-27,8.2475,8.4298,8.2188,8.3914
2013-12-30,8.2475,8.4777,8.238,8.3434
2014-01-02,8.1996,8.4969,8.1037,8.1516
2014-01-03,8.3434,8.3434,7.8064,8.0941
2014-01-07,7.9598,7.9598,7.6721,7.8543
2014-01-08,7.6338,7.9982,7.6338,7.8543
2014-01-09,8.0941,8.0941,7.6242,7.816
2014-01-10,7.8639,7.8639,7.4803,7.4803
2014-01-13,7.4803,7.6721,7.4803,7.6721
2014-01-14,7.6721,7.6721,7.4707,7.6721
2014-01-15,7.6625,7.6721,7.2406,7.3844
2014-01-16,7.5762,7.8448,7.5762,7.8352
2014-01-17,7.8448,7.8448,7.4803,7.6146
2014-01-20,7.8639,7.8639,7.6625,7.8352
2014-01-21,7.8639,8.0461,7.6625,8.0461
2014-01-22,8.0941,8.2859,7.9694,8.2475
2014-01-23,8.2475,8.3434,8.2475,8.3434
2014-01-24,8.3914,8.4393,8.0749,8.3722
2014-01-27,8.3818,8.3818,7.9694,8.3818
2014-01-28,8.1612,8.5352,8.1516,8.5257
2014-01-29,8.5448,8.7079,8.5448,8.5544
2014-01-30,8.5544,8.6311,8.3434,8.6311
2014-01-31,8.7079,8.7175,8.3818,8.7175
2014-02-03,8.6983,8.7079,8.6983,8.6983
2014-02-04,8.6983,8.6983,8.6311,8.6311
2014-02-05,8.6695,8.6695,7.9119,8.4585
2014-02-06,8.4585,8.4585,8.4393,8.4585
2014-02-07,8.4681,8.4681,8.0749,8.1037
2014-02-10,8.4298,8.5928,8.4298,8.5257
2014-02-11,8.4873,8.4873,8.3243,8.3434
2014-02-12,8.4393,8.4393,8.3434,8.3434
2014-02-13,8.2955,8.7079,8.2188,8.7079
2014-02-14,8.7079,8.7079,8.5736,8.6311
2014-02-17,8.6311,8.6311,8.5736,8.5736
2014-02-18,8.6216,8.6216,8.3722,8.3722
2014-02-19,8.6024,8.6024,8.6024,8.6024
2014-02-20,8.6024,8.6311,8.4681,8.6311
2014-02-21,8.6311,8.6311,8.4585,8.6216
2014-02-24,8.6216,8.7079,8.4393,8.4393
2014-02-25,8.6216,8.6311,8.4393,8.5736
2014-02-26,8.5736,8.6791,8.4393,8.6791
2014-02-27,8.6791,9.1011,8.3434,9.1011
2014-02-28,8.9572,9.2449,8.7366,9.2449
2014-03-03,9.1586,9.1586,8.2571,8.4393
2014-03-04,8.7175,9.0148,8.4393,8.823
2014-03-05,8.6216,8.8709,8.5928,8.6791
2014-03-06,8.8709,8.8709,8.6791,8.7558
2014-03-07,8.8134,8.8134,8.5928,8.6791
2014-03-10,8.6695,8.6695,7.9598,8.2475
2014-03-11,8.1037,8.4202,8.1037,8.1516
2014-03-12,8.4393,8.4393,8.0941,8.0941
2014-03-13,8.1133,8.1133,8.0557,8.0557
2014-03-14,7.6721,7.8639,7.0967,7.6721
2014-03-17,7.6242,7.6721,7.4899,7.5187
2014-03-18,7.394,7.8448,7.394,7.8448
2014-03-19,7.8543,7.8543,7.5666,7.5666
2014-03-20,7.7584,7.7584,7.4707,7.4803
2014-03-21,7.394,7.6242,7.394,7.6242
2014-03-24,7.5762,7.5762,7.2981,7.2981
2014-03-25,7.2981,7.5666,6.8953,7.5666
2014-03-26,7.2022,7.6721,7.2022,7.6721
2014-03-27,7.6721,7.6721,7.6625,7.6721
2014-03-28,7.6721,7.6721,7.4228,7.6242
2014-03-31,7.6721,7.6721,7.4036,7.6721
2014-04-01,7.6721,7.6721,7.3077,7.653
2014-04-02,7.6721,7.6721,7.6242,7.6721
2014-04-03,7.6721,7.6721,7.3173,7.4803
2014-04-04,7.4707,7.4707,7.4707,7.4707
2014-04-07,7.4707,7.4707,7.4707,7.4707
2014-04-08,7.4324,7.4324,6.7131,7.0967
2014-04-09,7.1926,7.6625,7.1926,7.3365
2014-04-10,7.3365,7.3365,7.1926,7.1926
2014-04-11,7.1926,7.1926,7.1159,7.1159
2014-04-14,6.9529,7.6434,6.3295,7.3365
2014-04-15,7.3365,7.5187,7.0104,7.5187
2014-04-16,7.5091,7.5091,7.1926,7.4803
2014-04-17,7.4707,7.4707,7.0104,7.0104
2014-04-22,7.1734,7.2981,7.0104,7.1926
2014-04-23,7.183,7.1926,7.02,7.1926
2014-04-24,7.1926,7.1926,7.0104,7.1926
2014-04-25,7.0104,7.1447,7.0104,7.0104
2014-04-28,7.0104,7.0104,6.6172,6.6172
2014-04-29,6.6076,6.9049,5.9555,6.9049
2014-04-30,6.9049,7.2502,6.4734,7.1926
2014-05-02,7.1926,7.1926,7.1926,7.1926
2014-05-05,7.1926,7.1926,6.4925,6.6172
2014-05-06,6.6652,6.6652,6.6652,6.6652
2014-05-07,6.7035,6.7035,6.4925,6.5021
2014-05-08,6.2911,6.5597,6.2911,6.5597
2014-05-09,6.4254,6.6939,6.1377,6.4734
2014-05-12,6.6652,6.6652,6.6652,6.6652
2014-05-13,6.3966,6.3966,6.3966,6.3966
2014-05-14,6.3966,6.4254,6.0418,6.3295
2014-05-15,6.1281,6.3295,6.1281,6.2816
2014-05-16,6.3295,7.0488,6.3295,7.0488
2014-05-19,7.1926,7.4611,6.8666,7.1926
2014-05-20,7.4803,7.4803,7.0967,7.1926
2014-05-21,7.1926,7.1926,7.0008,7.0008
2014-05-22,7.1926,7.1926,6.9625,7.1926
2014-05-23,7.1926,7.1926,7.1351,7.1351
2014-05-26,6.9529,7.4228,6.9241,7.4228
2014-05-27,7.4324,7.4324,7.1926,7.4324
2014-05-28,7.4324,7.6242,7.4324,7.6242
2014-05-29,7.6242,7.6242,7.0967,7.4228
2014-05-30,7.3365,7.5762,7.231,7.5762
2014-06-02,7.5762,7.5762,7.3652,7.3652
2014-06-03,7.4324,7.4324,7.0488,7.0488
2014-06-04,7.0488,7.0488,6.4925,6.5117
2014-06-05,6.6939,6.857,6.5117,6.857
2014-06-06,6.7131,6.7131,6.7131,6.7131
2014-06-09,6.9337,6.9337,6.7131,6.8761
2014-06-10,6.7035,6.809,6.4925,6.4925
2014-06-11,6.4925,6.4925,6.1089,6.2336
2014-06-12,6.2528,6.4446,5.9459,5.9459
2014-06-13,6.2624,6.2624,5.9459,6.224
2014-06-16,5.9555,6.1857,5.9555,6.0418
2014-06-17,6.1473,6.1473,5.9555,5.9555
2014-06-18,6.2048,6.7419,5.9939,6.7419
2014-06-20,6.6939,7.0008,6.5021,6.9912
2014-06-23,6.7131,6.857,6.5405,6.857
2014-06-24,6.8953,6.8953,6.6268,6.809
2014-06-25,6.5693,6.9529,6.5597,6.9529
2014-06-26,6.9529,6.9529,6.6364,6.9529
2014-06-27,6.6556,7.5762,6.6556,7.5187
2014-06-30,7.4803,7.6721,7.4803,7.6721
2014-07-01,7.6625,7.6625,7.3557,7.3557
2014-07-02,7.4324,7.4324,7.0967,7.183
2014-07-03,7.0296,7.0296,7.0104,7.0104
2014-07-04,7.0104,7.0104,6.7419,6.7419
2014-07-07,6.7035,6.7035,6.7035,6.7035
2014-07-08,6.7035,6.7131,6.3966,6.7131
2014-07-09,6.7131,6.7611,6.3295,6.7131
2014-07-10,6.3295,6.4925,6.2336,6.4734
2014-07-11,6.4734,6.9816,6.0993,6.7131
2014-07-14,6.6843,6.9145,6.6172,6.8378
2014-07-15,6.5213,7.4803,6.5213,7.4803
2014-07-16,7.4803,7.5666,7.2885,7.3269
2014-07-17,7.1926,7.1926,7.0871,7.0967
2014-07-18,6.9049,6.9049,6.6268,6.7227
2014-07-21,6.9337,6.9337,6.7131,6.9145
2014-07-22,6.9337,7.0008,6.9337,7.0008
2014-07-23,7.02,7.0392,6.8186,7.0296
2014-07-24,6.8953,7.02,6.8953,7.02
2014-07-25,7.0392,7.4995,7.0392,7.4995
2014-07-28,7.6434,7.6434,7.4803,7.4803
2014-07-29,7.6434,7.6434,7.6434,7.6434
2014-07-30,7.6434,7.6721,7.5954,7.6721
2014-07-31,7.6721,7.6721,7.3077,7.4611
2014-08-01,7.3365,7.3844,7.1926,7.3844
2014-08-04,7.442,7.442,7.0967,7.4228
2014-08-05,7.4324,7.5187,7.4324,7.4324
2014-08-06,7.5187,7.5187,7.1926,7.1926
2014-08-07,7.183,7.1926,6.9816,6.9816
2014-08-08,7.0008,7.0008,6.6076,6.6076
2014-08-11,6.6076,6.8953,6.6076,6.8666
2014-08-12,6.8282,6.8378,6.8282,6.8378
2014-08-13,6.8378,6.8474,6.7131,6.7131
2014-08-14,6.5884,6.6172,6.5789,6.598
2014-08-18,6.7131,6.7131,6.3966,6.7131
2014-08-19,6.7131,6.7131,6.7131,6.7131
2014-08-20,6.6652,6.6652,6.6652,6.6652
2014-08-21,6.3679,6.7131,6.3679,6.7131
2014-08-22,6.7131,6.857,6.6652,6.8474
2014-08-25,6.9049,6.9049,6.7898,6.7898
2014-08-26,6.7419,6.7419,6.7419,6.7419
2014-08-27,6.7131,6.809,6.6172,6.7994
2014-08-28,6.7994,6.809,6.7994,6.7994
2014-08-29,6.5309,7.0392,6.5309,7.0392
2014-09-01,7.0296,7.0296,6.7419,6.8474
2014-09-02,6.9049,6.9049,6.6268,6.6268
2014-09-03,6.8474,6.8474,6.272,6.272
2014-09-04,6.272,6.272,6.272,6.272
2014-09-05,6.2816,6.2816,6.272,6.272
2014-09-08,6.2432,6.2432,5.8404,6.061
2014-09-09,6.0706,6.0706,5.5623,5.5623
2014-09-10,5.5719,6.1281,5.5719,5.9939
2014-09-11,5.9939,6.272,5.85,6.1377
2014-09-12,6.1857,6.2816,5.9171,6.2816
2014-09-15,6.1761,6.1761,6.0034,6.1281
2014-09-16,6.1377,6.1377,6.1377,6.1377
2014-09-17,6.1377,6.1761,5.9939,6.1761
2014-09-18,6.1761,6.1761,5.9747,5.9747
2014-09-19,6.1761,6.1761,6.1761,6.1761
2014-09-22,6.1665,6.1665,6.1665,6.1665
2014-09-23,6.1761,6.1761,6.1761,6.1761
2014-09-24,6.1761,6.1761,6.1761,6.1761
2014-09-25,6.1761,6.2911,6.1761,6.2911
2014-09-26,6.2144,6.224,6.2144,6.224
2014-09-29,6.224,6.4734,6.0993,6.3295
2014-09-30,6.3295,6.5693,6.0514,6.5213
2014-10-01,6.4254,6.4254,6.0514,6.3295
2014-10-02,6.0418,6.1281,5.85,6.0034
2014-10-03,6.0034,6.0034,5.5335,5.5623
2014-10-06,5.5623,5.7637,5.1691,5.5143
2014-10-07,5.6582,5.6582,5.5143,5.6102
2014-10-08,5.6582,5.6582,5.2554,5.3705
2014-10-09,5.3609,5.3705,5.3609,5.3705
2014-10-10,5.476,5.5143,5.2746,5.5143
2014-10-13,5.5048,5.5048,4.9869,5.3801
2014-10-14,5.4184,5.4184,5.2075,5.4089
2014-10-15,5.4664,5.5623,5.4664,5.5623
2014-10-16,5.6007,5.6007,5.217,5.5623
2014-10-17,5.5623,5.5623,5.3225,5.5335
2014-10-20,5.5143,5.5143,5.5048,5.5143
2014-10-21,5.5143,5.639,5.3705,5.639
2014-10-22,5.4089,5.4664,5.4089,5.4184
2014-10-23,5.5527,5.5527,5.3897,5.5048
2014-10-24,5.5431,5.5431,5.5431,5.5431
2014-10-27,5.6294,5.6294,5.3609,5.3705
2014-10-28,5.5335,5.5431,5.5143,5.5431
2014-10-29,5.5431,5.6582,5.3034,5.6582
2014-10-30,5.7061,5.7061,5.5143,5.5911
2014-10-31,5.5911,5.5911,5.3609,5.5623
2014-11-03,5.6102,5.6102,5.5527,5.5527
2014-11-04,5.5527,6.0898,5.3417,5.6102
2014-11-05,5.7445,5.7445,5.7445,5.7445
2014-11-06,5.6102,5.6102,5.6102,5.6102
2014-11-07,5.6102,5.6102,5.6007,5.6007
2014-11-10,5.687,5.687,5.6007,5.6007
2014-11-12,5.6486,5.6486,5.6007,5.6007
2014-11-13,5.6486,5.6486,5.476,5.6007
2014-11-14,5.5815,5.5815,4.891,5.0348
2014-11-17,5.2075,5.6007,4.9581,5.5623
2014-11-18,5.5623,5.5623,5.5623,5.5623
2014-11-19,5.5815,5.5815,5.5815,5.5815
2014-11-20,5.5815,5.5815,5.5815,5.5815
2014-11-21,5.5815,5.5815,5.3321,5.5143
2014-11-24,5.3321,5.6294,5.2554,5.4089
2014-11-25,5.5143,5.5143,5.5048,5.5143
2014-11-26,5.4664,5.4664,5.3034,5.3034
2014-11-27,5.6294,5.6294,5.3513,5.5143
2014-11-28,5.5143,5.7541,5.3321,5.6102
2014-12-01,5.7541,5.9459,5.7541,5.7541
2014-12-02,5.9363,5.9363,5.5527,5.6294
2014-12-03,5.7061,5.7061,5.5431,5.6582
2014-12-04,5.6774,5.6774,5.3225,5.5719
2014-12-05,5.6102,5.6102,5.1403,5.1403
2014-12-08,5.217,5.217,5.0157,5.0444
2014-12-09,5.2554,5.2554,4.9102,4.9677
2014-12-10,5.0636,5.0636,4.843,4.843
2014-12-11,4.8143,4.8143,4.5745,4.68
2014-12-12,4.68,4.68,4.4882,4.5074
2014-12-15,4.6033,4.6033,4.2197,4.2197
2014-12-16,3.9895,4.1909,3.9895,4.1525
2014-12-17,4.2101,4.2101,3.9895,3.9991
2014-12-18,3.9991,4.3635,3.9991,3.9991
2014-12-19,4.1142,4.3443,4.0854,4.143
2014-12-22,4.095,4.3635,4.095,4.3156
2014-12-23,4.3635,4.9869,4.3635,4.9773
2014-12-29,5.0924,5.0924,4.4882,4.5266
2014-12-30,4.5074,4.5074,4.095,4.2197
2015-01-02,4.2389,4.2484,4.2197,4.2484
2015-01-05,4.6033,4.6033,4.1717,4.1717
2015-01-07,4.4594,4.4594,4.1142,4.2676
2015-01-08,4.1238,4.68,3.9607,4.68
2015-01-09,4.3731,4.6033,4.143,4.2293
2015-01-12,4.4307,4.4307,4.2101,4.2101
2015-01-13,4.4115,4.4115,3.8936,3.9128
2015-01-14,3.9128,4.1717,3.9128,4.095
2015-01-15,4.0279,4.2197,3.9416,4.2197
2015-01-16,4.2101,4.2101,4.1334,4.1334
2015-01-19,4.0854,4.2101,3.884,3.884
2015-01-20,3.884,4.1238,3.7593,3.9607
2015-01-21,4.0279,4.0279,3.7498,3.932
2015-01-22,4.0758,4.0758,3.9511,3.9511
2015-01-23,4.0662,4.2101,3.7689,4.1717
2015-01-26,4.2101,4.2101,3.8457,3.9511
2015-01-27,4.0375,4.0375,3.932,4.0279
2015-01-28,4.0183,4.0279,3.932,4.0279
2015-01-29,4.0279,4.1238,3.9224,4.1238
2015-01-30,4.2197,4.2197,4.0087,4.0183
2015-02-02,4.1621,4.1621,3.9224,3.9224
2015-02-03,4.0279,4.0662,3.932,4.0662
2015-02-04,4.0662,4.0662,3.9032,3.9032
2015-02-05,4.0183,4.0183,3.7402,3.9224
2015-02-06,3.7306,4.0183,3.6539,3.7977
2015-02-09,3.7977,3.7977,3.7977,3.7977
2015-02-10,3.7785,3.932,3.7402,3.884
2015-02-11,3.8648,3.8648,3.6826,3.6826
2015-02-12,3.8361,3.8361,3.6443,3.6443
2015-02-13,3.7498,3.9224,3.6443,3.884
2015-02-16,3.9224,3.9224,3.5484,3.7306
2015-02-17,3.721,3.7402,3.673,3.721
2015-02-18,3.7402,3.7402,3.4716,3.5771
2015-02-19,3.6251,3.6347,3.3757,3.4716
2015-02-20,3.2894,3.4141,3.2894,3.3853
2015-02-23,3.3661,3.4716,3.3374,3.4141
2015-02-24,3.4429,3.4429,3.3086,3.3086
2015-02-25,3.2894,3.2894,3.1648,3.2415
2015-02-26,3.1648,3.4812,3.1648,3.3566
2015-02-27,3.4333,3.6347,3.3757,3.5004
2015-03-02,3.6059,3.8361,3.5004,3.7306
2015-03-03,3.7114,3.7114,3.3661,3.462
2015-03-04,3.3757,3.4812,3.3757,3.4812
2015-03-05,3.4908,3.4908,3.4716,3.4716
2015-03-06,3.4716,3.4908,3.462,3.4908
2015-03-09,3.4908,3.4908,3.4525,3.4525
2015-03-10,3.4237,3.4237,3.2607,3.2607
2015-03-11,3.3182,3.4333,3.2798,3.2798
2015-03-12,3.2702,3.2702,3.1264,3.1264
2015-03-13,3.2223,3.2223,3.0305,3.0689
2015-03-16,3.0497,3.1072,2.925,3.0497
2015-03-17,3.0784,3.2031,3.0689,3.1456
2015-03-18,3.1552,3.1648,3.136,3.1648
2015-03-19,3.1648,3.1648,3.0497,3.0976
2015-03-20,3.1552,3.1552,3.0209,3.0305
2015-03-23,3.1072,3.1072,2.9634,3.0497
2015-03-24,3.0209,3.0209,2.8962,2.8962
2015-03-25,2.8866,3.1743,2.7524,3.1648
2015-03-26,3.1743,3.7881,3.1743,3.7785
2015-03-27,3.7593,4.1142,3.7593,3.9991
2015-03-30,4.0183,4.0758,3.5963,3.5963
2015-03-31,3.5963,3.5963,3.3566,3.4141
2015-04-01,3.5963,3.5963,3.3661,3.5771
2015-04-02,3.4525,3.4525,3.3086,3.3566
2015-04-07,3.3566,3.4525,3.3566,3.4525
2015-04-08,3.4525,3.4525,3.2607,3.2607
2015-04-09,3.4429,3.4525,3.347,3.4525
2015-04-10,3.4237,3.4429,3.4237,3.4429
2015-04-13,3.2798,3.2798,2.9538,3.0784
2015-04-14,3.0689,3.0689,2.9346,3.0017
2015-04-15,3.0497,3.2127,3.0497,3.1839
2015-04-16,3.1839,3.2319,3.0976,3.2319
2015-04-17,3.2319,3.2319,3.1935,3.1935
2015-04-20,3.2511,3.2511,3.1839,3.1839
2015-04-21,3.2415,3.2415,3.1552,3.1552
2015-04-22,3.1743,3.1743,3.1168,3.1168
2015-04-23,3.1743,3.1743,3.1168,3.1552
2015-04-24,3.1552,3.2223,3.1264,3.2031
2015-04-27,3.2031,3.2031,3.0784,3.1839
2015-04-28,3.1743,3.1743,3.0784,3.1264
2015-04-29,3.1743,3.1743,3.1743,3.1743
2015-04-30,3.1648,3.2319,3.1648,3.1648
2015-05-04,3.2127,3.2127,3.088,3.2127
2015-05-05,3.1839,3.1839,3.1743,3.1743
2015-05-06,3.1743,3.1743,3.1743,3.1743
2015-05-07,3.1743,3.1743,3.0497,3.1648
2015-05-08,3.1456,3.1456,3.0401,3.1072
2015-05-11,3.136,3.136,3.1072,3.1072
2015-05-12,3.1264,3.136,3.1264,3.136
2015-05-13,3.1648,3.1648,3.136,3.136
2015-05-14,3.2319,3.2319,3.0497,3.0497
2015-05-15,3.2223,3.2223,3.0497,3.0689
2015-05-18,3.2511,3.2511,3.0784,3.1168
2015-05-19,3.2127,3.2127,3.1168,3.1264
2015-05-20,3.2127,3.2127,3.0497,3.0976
2015-05-21,3.136,3.136,3.1264,3.1264
2015-05-22,3.136,3.1648,3.1072,3.1072
2015-05-25,3.1935,3.1935,3.0497,3.0497
2015-05-26,3.1552,3.1552,3.1552,3.1552
2015-05-27,3.1552,3.1552,3.0689,3.0689
2015-05-28,3.136,3.136,2.9346,3.0017
2015-05-29,3.0401,3.0401,2.9538,3.0017
2015-06-01,3.0401,3.1456,2.8866,3.0401
2015-06-02,3.088,3.088,2.9538,3.088
2015-06-03,3.088,3.088,2.9538,3.088
2015-06-05,3.0401,3.0401,3.0401,3.0401
2015-06-08,3.0401,3.0401,2.9825,3.0401
2015-06-09,3.0209,3.0209,2.973,2.973
2015-06-10,2.973,3.1839,2.973,2.973
2015-06-11,2.9825,2.9825,2.8962,2.925
2015-06-12,2.925,2.925,2.925,2.925
2015-06-15,2.925,3.0209,2.9154,3.0209
2015-06-16,3.0113,3.0113,3.0113,3.0113
2015-06-17,2.9825,2.9825,2.9442,2.9634
2015-06-18,2.973,2.973,2.877,2.9538
2015-06-19,2.925,2.925,2.9154,2.9154
2015-06-22,2.9058,2.9058,2.8962,2.9058
2015-06-23,2.9442,2.9442,2.877,2.877
2015-06-24,2.925,2.925,2.925,2.925
2015-06-25,2.925,2.9346,2.877,2.877
2015-06-26,2.9154,2.9154,2.9058,2.9058
2015-06-29,2.877,2.877,2.877,2.877
2015-06-30,2.877,2.877,2.8579,2.8579
2015-07-01,2.877,2.877,2.877,2.877
2015-07-02,2.9538,2.9538,2.9154,2.9154
2015-07-03,2.9538,3.0593,2.9154,3.0593
2015-07-06,3.0497,3.0497,3.0497,3.0497
2015-07-08,3.1935,3.1935,3.0209,3.1935
2015-07-09,3.1935,3.3278,3.0593,3.3278
2015-07-10,3.3278,3.6443,3.299,3.4525
2015-07-13,3.5292,3.5963,3.4525,3.4525
2015-07-14,3.4716,3.4716,3.3853,3.3853
2015-07-15,3.4429,3.4429,3.3086,3.3566
2015-07-16,3.3566,3.4716,3.3566,3.4716
2015-07-17,3.5004,3.5675,3.5004,3.5675
2015-07-20,3.5388,3.5388,3.4525,3.4525
2015-07-21,3.5004,3.5004,3.5004,3.5004
2015-07-22,3.4908,3.4908,3.3086,3.3086
2015-07-23,3.4429,3.4429,3.4429,3.4429
2015-07-24,3.4429,3.4429,3.3566,3.3566
2015-07-27,3.4333,3.4333,3.4045,3.4045
2015-07-28,3.4333,3.4429,3.4237,3.4237
2015-07-29,3.3566,3.6826,3.3566,3.5771
2015-07-30,3.5963,3.6826,3.4429,3.6539
2015-07-31,3.6922,3.6922,3.6443,3.6443
2015-08-03,3.6443,3.6443,3.6443,3.6443
2015-08-04,3.6443,4.3156,3.558,4.3156
2015-08-05,4.0758,4.2868,4.0758,4.2868
2015-08-06,4.2101,4.5841,4.095,4.4978
2015-08-07,4.3156,4.3156,4.2964,4.2964
2015-08-10,4.2964,4.2964,4.2964,4.2964
2015-08-11,4.3156,4.3156,4.3156,4.3156
2015-08-12,4.3156,4.3156,4.2676,4.2676
2015-08-13,4.3156,4.3156,4.0662,4.0662
2015-08-14,4.3156,4.7375,4.2197,4.5361
2015-08-17,4.728,4.7855,4.728,4.7855
2015-08-18,4.7855,4.7855,4.6896,4.6896
2015-08-19,4.7855,4.7855,4.4978,4.7184
2015-08-20,4.7088,4.7088,4.4978,4.4978
2015-08-21,4.4978,4.4978,4.2484,4.4115
2015-08-24,4.1813,4.2197,3.8361,3.8361
2015-08-25,3.8361,3.9703,3.8361,3.9511
2015-08-26,3.932,3.932,3.932,3.932
2015-08-27,3.932,3.9416,3.932,3.9416
2015-08-28,3.8361,3.9703,3.8361,3.9703
2015-08-31,4.4115,4.7759,4.4115,4.4115
2015-09-01,4.3635,4.3635,4.2005,4.3635
2015-09-02,4.3443,4.3443,4.1525,4.306
2015-09-03,4.3156,4.3156,3.9703,4.1238
2015-09-04,4.306,4.306,4.0279,4.143
2015-09-07,4.306,4.3156,4.143,4.1717
2015-09-08,4.306,4.306,4.1717,4.2197
2015-09-09,4.2964,4.306,4.2964,4.306
2015-09-10,4.3156,4.3156,4.306,4.3156
2015-09-11,4.3156,4.3156,4.3156,4.3156
2015-09-14,4.3156,4.3156,4.3156,4.3156
2015-09-15,4.3156,4.3156,4.1621,4.306
2015-09-16,4.3156,4.4115,4.306,4.4115
2015-09-17,4.5937,4.6896,4.5937,4.6033
2015-09-18,4.68,4.6896,4.3923,4.6416
2015-09-21,4.6704,4.6704,4.6704,4.6704
2015-09-22,4.6704,4.6704,4.4594,4.5937
2015-09-23,4.6992,4.6992,4.4307,4.6416
2015-09-24,4.68,4.6896,4.4307,4.6704
2015-09-25,4.5649,4.5649,4.5649,4.5649
2015-09-28,4.5649,4.5649,4.3635,4.5074
2015-09-29,4.5074,4.5074,4.0566,4.5074
2015-09-30,4.5457,4.5457,4.5457,4.5457
2015-10-01,4.5457,4.5457,4.2197,4.5457
2015-10-02,4.3923,4.3923,4.3923,4.3923
2015-10-05,4.4019,4.4019,4.1621,4.4019
2015-10-06,4.3156,4.3156,4.3156,4.3156
2015-10-07,4.3156,4.3156,4.3156,4.3156
2015-10-08,4.3156,4.3156,4.3156,4.3156
2015-10-09,4.3156,4.3156,4.143,4.3156
2015-10-12,4.3156,4.4019,3.932,4.2197
2015-10-13,4.0279,4.3923,4.0279,4.3923
2015-10-14,4.3923,4.3923,4.3923,4.3923
2015-10-15,4.3923,4.3923,4.2197,4.2197
2015-10-16,4.3923,4.4019,4.2676,4.2676
2015-10-19,4.2676,4.2676,4.2101,4.2101
2015-10-20,4.2197,4.2676,4.0758,4.1909
2015-10-21,4.1909,4.1909,3.884,3.884
2015-10-22,3.884,4.2101,3.8265,3.9511
2015-10-23,4.0183,4.0183,3.8361,3.8361
2015-10-26,4.1717,4.1717,3.6347,3.7498
2015-10-27,3.8361,4.1142,3.8073,4.095
2015-10-28,4.095,4.095,3.8648,4.0279
2015-10-29,4.0566,4.0566,3.6634,3.6634
2015-10-30,3.673,3.7689,3.673,3.7689
2015-11-02,3.7881,3.7977,3.6539,3.6922
2015-11-03,3.6634,3.721,3.6634,3.6634
2015-11-04,3.6539,3.6539,3.5484,3.5484
2015-11-05,3.5484,3.5484,3.3566,3.3566
2015-11-06,3.6922,3.6922,3.4716,3.6922
2015-11-09,3.6922,3.6922,3.6922,3.6922
2015-11-10,3.3566,3.558,3.3566,3.558
2015-11-12,3.6347,3.6347,3.4812,3.4908
2015-11-13,3.5292,3.5292,3.3278,3.3278
2015-11-16,3.3566,3.5484,3.3566,3.5484
2015-11-17,3.5388,3.5484,3.3853,3.3853
2015-11-18,3.4525,3.5484,3.4525,3.5484
2015-11-19,3.5484,3.5484,3.5484,3.5484
2015-11-20,3.5484,3.5675,3.4333,3.4333
2015-11-23,3.4333,3.5004,3.4333,3.5004
2015-11-24,3.5004,3.5004,3.5004,3.5004
2015-11-25,3.4812,3.4812,3.3566,3.3566
2015-11-26,3.462,3.5004,3.3661,3.4045
2015-11-27,3.3757,3.4045,3.3757,3.4045
2015-11-30,3.4525,3.7977,3.4525,3.4812
2015-12-01,3.6443,3.6443,3.5388,3.6347
2015-12-02,3.6443,3.8361,3.6443,3.7977
2015-12-03,3.7402,3.8265,3.6634,3.8265
2015-12-04,3.51,3.8265,3.51,3.7593
2015-12-07,3.7689,3.7881,3.6922,3.7785
2015-12-08,3.7977,3.7977,3.6251,3.6251
2015-12-09,3.6347,3.6347,3.462,3.51
2015-12-10,3.51,3.51,3.51,3.51
2015-12-11,3.721,3.721,3.51,3.51
2015-12-14,3.673,3.673,3.5196,3.5196
2015-12-15,3.6443,3.6826,3.5196,3.5196
2015-12-16,3.7881,3.7881,3.558,3.558
2015-12-17,3.6443,3.6443,3.4812,3.4812
2015-12-18,3.6347,3.6347,3.5004,3.5004
2015-12-21,3.6443,3.6443,3.5004,3.5004
2015-12-22,3.5484,3.5484,3.5004,3.5004
2015-12-23,3.5004,3.5004,3.5004,3.5004
2015-12-28,3.4812,3.5004,3.4812,3.5004
2015-12-29,3.4716,3.4812,3.4716,3.4716
2015-12-30,3.4716,3.4716,3.4716,3.4716
2016-01-04,3.5004,3.5004,3.5004,3.5004
2016-01-05,3.6155,3.6155,3.6155,3.6155
2016-01-07,3.5771,3.5771,3.4141,3.558
2016-01-08,3.6155,3.6155,3.6155,3.6155
2016-01-11,3.4333,3.5388,3.4333,3.5388
2016-01-12,3.5196,3.5196,3.51,3.5196
2016-01-13,3.5196,3.5484,3.5196,3.5196
2016-01-14,3.5484,4.2868,3.5484,3.9607
2016-01-15,4.047,4.2772,4.047,4.1238
2016-01-18,4.2005,4.2005,3.9799,3.9799
2016-01-19,4.1142,4.1142,4.0279,4.0279
2016-01-20,4.095,4.095,3.6922,3.9607
2016-01-21,3.9224,3.9224,3.8361,3.8936
2016-01-22,3.932,3.932,3.7881,3.7977
2016-01-25,3.9032,3.9032,3.7402,3.7402
2016-01-26,3.8073,3.8073,3.6539,3.6634
2016-01-27,3.7881,3.7881,3.6634,3.6634
2016-01-28,3.8073,3.8936,3.6922,3.8936
2016-01-29,3.9703,4.0279,3.8457,4.0183
2016-02-01,4.0087,4.0758,3.8361,3.8361
2016-02-02,3.9128,3.9991,3.9128,3.9607
2016-02-03,3.9128,4.0279,3.9128,4.0279
2016-02-04,3.9895,3.9991,3.8361,3.8361
2016-02-05,3.9128,4.0279,3.8457,4.0279
2016-02-08,4.0279,4.4307,4.0279,4.4307
2016-02-09,4.1717,4.4978,4.1717,4.306
2016-02-10,4.4594,4.4594,4.3156,4.4594
2016-02-11,4.4594,4.4594,4.2676,4.2676
2016-02-12,4.4498,4.4594,4.3348,4.4594
2016-02-15,4.9389,5.3417,4.9389,5.1787
2016-02-16,5.3609,5.4089,4.9965,5.313
2016-02-17,5.3034,5.8308,5.1307,5.7637
2016-02-18,5.802,5.8212,5.3321,5.5623
2016-02-19,5.4089,5.802,5.4089,5.6966
2016-02-22,5.8116,5.8308,5.5048,5.8308
2016-02-23,5.8308,5.9267,5.6966,5.9171
2016-02-24,5.7637,6.2624,5.7637,6.2624
2016-02-25,6.3007,6.4158,5.9459,5.9459
2016-02-26,6.3103,6.3103,5.5048,5.7445
2016-02-29,5.7445,5.8788,5.2938,5.6294
2016-03-01,5.6486,5.6486,5.3897,5.6198
2016-03-02,5.7541,5.8788,5.6678,5.802
2016-03-03,5.802,6.0322,5.802,6.0034
2016-03-04,5.9939,5.9939,5.9939,5.9939
2016-03-07,5.9651,6.2816,5.7637,6.2528
2016-03-08,6.224,6.2624,5.8308,6.2048
2016-03-09,6.2336,6.2336,5.8884,6.1089
2016-03-10,6.0802,6.1281,5.7157,5.8884
2016-03-11,5.9651,5.9747,5.7541,5.7541
2016-03-14,5.9555,5.9555,5.6966,5.8788
2016-03-15,5.85,5.85,5.7541,5.8212
2016-03-16,5.8404,5.8404,5.8308,5.8308
2016-03-17,5.7541,6.0322,5.7541,6.0034
2016-03-18,5.9843,5.9843,5.7541,5.9555
2016-03-21,5.9843,5.9843,5.7541,5.9747
2016-03-22,5.9363,6.2336,5.8596,6.1377
2016-03-23,6.1281,6.224,6.1281,6.1761
2016-03-24,6.1761,6.1761,5.6102,5.802
2016-03-29,5.85,6.0322,5.7061,5.9171
2016-03-30,5.8884,5.9843,5.7541,5.802
2016-03-31,5.8884,5.8884,5.476,5.6966
2016-04-01,5.7157,5.7157,5.1499,5.3225
2016-04-04,5.4184,5.5335,5.2458,5.4089
2016-04-05,5.4089,5.5719,5.3801,5.4089
2016-04-06,5.3321,5.6486,5.3321,5.6486
2016-04-07,5.6486,5.6582,5.5143,5.6486
2016-04-08,5.7445,6.061,5.7061,6.0418
2016-04-11,5.9459,6.2336,5.9459,6.1761
2016-04-12,6.2336,6.3007,6.1857,6.2911
2016-04-13,6.2432,6.3103,6.1569,6.2336
2016-04-14,6.2144,6.2336,6.0898,6.2336
2016-04-15,6.2336,6.2336,5.9939,6.1569
2016-04-18,6.1473,6.1665,5.9459,6.1665
2016-04-19,6.2336,6.5021,6.2336,6.5021
2016-04-20,6.5884,6.809,6.5501,6.809
2016-04-21,6.8857,7.0008,6.7515,6.9529
2016-04-22,6.9433,6.9433,6.5405,6.6172
2016-04-25,6.8474,6.8474,6.5309,6.7994
2016-04-26,6.8474,6.9433,6.7323,6.809
2016-04-27,6.972,7.1926,6.9529,7.1734
2016-04-28,7.2885,7.3652,7.1734,7.2789
2016-04-29,7.231,7.231,7.0104,7.2118
2016-05-02,7.2885,7.2885,7.0488,7.2789
2016-05-04,7.231,7.2885,7.1447,7.2885
2016-05-05,7.2789,7.3269,7.2406,7.3269
2016-05-06,7.3365,7.6434,7.3365,7.4611
2016-05-09,7.4611,7.5091,7.3365,7.5091
2016-05-10,7.3461,7.3557,7.0967,7.3461
2016-05-11,7.2502,7.2502,7.1255,7.1255
2016-05-12,7.2789,7.5762,6.7323,7.0967
2016-05-13,6.9049,6.9049,6.7323,6.809
2016-05-16,6.857,6.9241,6.5309,6.7131
2016-05-17,6.9145,8.0078,6.9145,7.4803
2016-05-18,7.6625,7.768,7.5475,7.7105
2016-05-19,7.7105,8.238,7.6721,7.8927
2016-05-20,7.9119,8.2763,7.9119,8.2092
2016-05-23,8.2475,8.8325,8.2475,8.8325
2016-05-24,8.823,8.823,8.0749,8.1516
2016-05-25,8.2955,8.5257,8.2955,8.4873
2016-05-27,8.5161,8.7846,8.5161,8.7846
2016-05-30,8.7942,9.0052,8.7942,8.9764
2016-05-31,9.0148,9.4847,9.0052,9.3216
2016-06-01,9.533,9.533,8.775,8.775
2016-06-02,8.823,9.2066,8.7654,9.1586
2016-06-03,9.197,9.3792,9.1874,9.3504
2016-06-06,9.3792,9.782,9.3025,9.782
2016-06-07,9.974,10.05,9.619,9.868
2016-06-08,9.878,9.878,9.312,9.686
2016-06-09,9.686,9.686,9.0148,9.2929
2016-06-10,9.2929,9.3025,9.197,9.2737
2016-06-13,9.2833,9.2833,8.7462,8.8421
2016-06-14,8.775,8.9189,8.6983,8.727
2016-06-15,8.6791,9.0148,8.6791,8.8709
2016-06-16,8.8709,8.8709,8.4489,8.5928
2016-06-17,8.4585,8.6311,8.2092,8.2475
2016-06-20,8.2571,8.4489,7.8831,8.238
2016-06-21,8.238,8.5352,8.1133,8.4298
2016-06-22,8.4873,8.4873,8.2955,8.4489
2016-06-23,8.4393,8.4393,8.2571,8.4298
2016-06-24,7.6338,8.142,7.2406,8.0941
2016-06-27,8.1325,8.1325,7.7201,7.7201
2016-06-28,7.768,8.3818,7.768,8.2475
2016-06-29,8.3914,8.3914,8.2475,8.3914
2016-06-30,8.4489,8.9956,8.4489,8.9093
2016-07-01,8.9668,9.0052,8.9189,8.9189
2016-07-04,8.9189,9.0531,8.7175,9.0531
2016-07-05,9.0243,9.0339,8.823,8.938
2016-07-06,8.938,8.9764,8.8517,8.8517
2016-07-07,8.9764,8.986,8.9189,8.9189
2016-07-08,8.823,8.9093,8.6599,8.9093
2016-07-11,8.9189,8.9189,8.5065,8.7462
2016-07-12,8.7462,8.7462,8.6311,8.7366
2016-07-13,8.6983,8.7462,8.5928,8.7462
2016-07-14,8.7462,8.7462,8.6407,8.7366
2016-07-15,8.6887,8.6887,8.4393,8.6599
2016-07-18,8.401,8.401,8.0749,8.1612
2016-07-19,8.1612,8.3434,8.1612,8.3434
2016-07-20,8.3914,8.7654,8.3914,8.7558
2016-07-21,8.7654,9.0627,8.7654,9.0627
2016-07-22,9.0627,9.149,8.823,9.0148
2016-07-25,9.0148,9.0915,8.7846,9.0148
2016-07-26,9.0148,9.0148,8.9476,9.0052
2016-07-27,9.0148,9.0915,8.9189,9.0627
2016-07-28,8.938,8.938,8.8038,8.9284
2016-07-29,8.8421,8.8997,8.6887,8.7654
2016-08-01,8.5832,9.0148,8.5832,8.8709
2016-08-02,8.8613,9.0148,8.7079,9.0148
2016-08-03,8.9284,8.9284,8.6887,8.823
2016-08-04,8.8421,8.9476,8.8421,8.9476
2016-08-05,8.9476,9.0148,8.9189,8.9189
2016-08-08,9.0052,9.0052,8.7942,8.9189
2016-08-09,8.9189,8.9189,8.7942,8.8038
2016-08-10,8.9093,8.986,8.7846,8.7846
2016-08-11,8.823,8.9189,8.823,8.823
2016-08-12,8.823,8.9668,8.7846,8.9668
2016-08-16,8.7942,9.0052,8.7942,8.9956
2016-08-17,8.8709,8.9093,8.775,8.9093
2016-08-18,8.823,8.823,8.727,8.7654
2016-08-19,8.7462,8.8134,8.7366,8.8134
2016-08-22,8.8134,8.8134,8.6791,8.6791
2016-08-23,8.6791,8.823,8.6311,8.727
2016-08-24,8.6983,8.775,8.6791,8.7654
2016-08-25,8.6887,9.0052,8.1612,8.9189
2016-08-26,8.727,8.727,8.1612,8.3051
2016-08-29,8.2475,8.3051,8.1708,8.2955
2016-08-30,8.1516,8.1516,7.768,7.9215
2016-08-31,7.768,7.9311,7.4899,7.9311
2016-09-01,7.7872,7.8639,7.768,7.768
2016-09-02,7.816,7.816,7.768,7.7776
2016-09-05,7.7776,7.816,7.7776,7.816
2016-09-06,7.7776,7.8639,7.768,7.768
2016-09-07,7.7393,7.7584,7.3365,7.3557
2016-09-08,7.4036,7.557,7.3365,7.3365
2016-09-09,7.3844,7.3844,6.9625,7.1639
2016-09-12,7.0967,7.1447,6.9529,7.1255
2016-09-13,7.1543,7.6242,7.1447,7.6242
2016-09-14,7.6146,7.6146,7.4899,7.557
2016-09-15,7.5666,7.8639,7.5666,7.8639
2016-09-16,7.816,7.9311,7.7393,7.7489
2016-09-19,7.7489,8.0078,7.7489,8.0078
2016-09-20,7.9119,8.0557,7.8927,8.0078
2016-09-21,8.0557,8.0557,8.0078,8.0078
2016-09-22,8.0078,8.0078,8.0078,8.0078
2016-09-23,8.0078,8.142,8.0078,8.142
2016-09-26,7.9023,8.0557,7.9023,7.9598
2016-09-27,8.0941,8.0941,7.9215,8.0078
2016-09-28,7.9215,8.0078,7.9215,8.0078
2016-09-29,8.1325,8.1516,8.0366,8.1516
2016-09-30,8.142,8.142,8.142,8.142
2016-10-03,8.1325,8.1325,8.0557,8.0557
2016-10-04,8.1037,8.1037,7.979,8.0557
2016-10-05,8.0749,8.0749,7.8639,8.0557
2016-10-06,7.9598,8.0557,7.9598,8.0557
2016-10-07,8.0557,8.1516,7.9598,7.9598
2016-10-10,7.9598,8.0078,7.9598,8.0078
2016-10-11,8.0078,8.0078,8.0078,8.0078
2016-10-12,8.0461,8.3339,8.0366,8.2475
2016-10-13,8.2475,8.6216,8.2475,8.353
2016-10-14,8.353,8.353,8.3434,8.3434
2016-10-17,8.3339,8.3339,8.2475,8.2475
2016-10-18,8.2475,8.2475,8.19,8.238
2016-10-19,8.1804,8.1804,8.0078,8.0078
2016-10-20,8.0078,8.0078,7.8735,7.8735
2016-10-21,7.9598,7.9598,7.8448,7.8448
2016-10-24,7.8735,7.8735,7.8064,7.8064
2016-10-25,7.816,7.8639,7.7968,7.8639
2016-10-26,7.9598,8.2475,7.9598,8.2475
2016-10-27,8.2475,8.3626,8.2475,8.353
2016-10-28,8.4298,8.5065,8.4298,8.4298
2016-10-31,8.5257,9.1586,8.5257,9.0819
2016-11-02,9.1107,9.1202,8.6311,8.6311
2016-11-03,8.4777,8.986,8.4777,8.8517
2016-11-04,8.8709,8.8805,8.5352,8.6407
2016-11-07,8.6407,8.8997,8.6407,8.8613
2016-11-08,8.8613,8.9189,8.7462,8.7462
2016-11-09,8.6311,8.8709,8.564,8.8709
2016-11-10,9.2066,9.2545,8.8421,8.8901
2016-11-14,8.8901,9.0819,8.823,8.823
2016-11-15,8.9668,9.0243,8.8901,9.0243
2016-11-16,9.0243,9.0627,8.9189,9.0627
2016-11-17,9.1011,9.1011,8.9668,9.0148
2016-11-18,8.9476,8.9476,8.2955,8.823
2016-11-21,8.6887,8.7654,8.1612,8.6311
2016-11-22,8.7558,8.823,8.6311,8.823
2016-11-23,8.823,8.823,8.4873,8.6695
2016-11-24,8.7558,8.9189,8.7558,8.8901
2016-11-25,8.823,8.823,8.7366,8.7366
2016-11-28,8.823,8.8997,8.823,8.8997
2016-11-29,8.8997,8.8997,8.8325,8.8325
2016-11-30,8.8421,8.8709,8.8325,8.8709
2016-12-01,8.9093,8.9093,8.8709,8.8709
2016-12-02,8.8805,8.9668,8.8805,8.9572
2016-12-05,8.9189,8.938,8.9189,8.9189
2016-12-06,8.8805,8.8805,8.8709,8.8709
2016-12-07,8.823,8.823,8.1133,8.4585
2016-12-08,8.4585,8.5257,8.4585,8.5161
2016-12-09,8.4777,8.4777,8.2571,8.4298
2016-12-12,8.4393,8.4393,8.3147,8.3914
2016-12-13,8.3914,8.4873,8.3914,8.4393
2016-12-14,8.4489,8.5161,8.4393,8.5161
2016-12-15,8.4873,8.8038,8.4777,8.8038
2016-12-16,8.7942,8.7942,8.6791,8.7558
2016-12-19,8.727,8.727,8.5448,8.5448
2016-12-20,8.5544,8.775,8.5544,8.6311
2016-12-21,8.6311,8.7175,8.6311,8.7175
2016-12-22,8.5832,8.6599,8.5832,8.6599
2016-12-23,8.6599,8.6791,8.5832,8.6791
2016-12-27,8.6791,8.6791,8.5736,8.6791
2016-12-28,8.5832,8.7462,8.5352,8.6695
2016-12-29,8.727,8.727,8.5928,8.6887
2016-12-30,8.727,8.7462,8.6791,8.727
2017-01-02,8.727,8.727,8.6503,8.6503
2017-01-03,8.7175,8.775,8.7175,8.775
2017-01-04,8.775,9.2066,8.775,9.2066
2017-01-05,9.312,9.878,9.312,9.83
2017-01-09,9.83,10.242,9.782,10.041
2017-01-10,10.05,10.06,9.504,9.561
2017-01-11,9.4463,9.667,9.4271,9.4655
2017-01-12,9.4655,9.542,9.4655,9.4655
2017-01-13,9.4943,9.542,9.3984,9.542
2017-01-16,9.542,10.05,9.4463,10.05
2017-01-17,10.05,10.05,9.83,9.926
2017-01-18,9.84,9.878,9.782,9.792
2017-01-19,9.792,9.792,9.657,9.657
2017-01-20,9.657,9.792,9.4175,9.59
2017-01-23,9.638,9.638,9.6,9.6
2017-01-24,9.609,9.955,9.6,9.955
2017-01-25,9.926,9.926,9.83,9.83
2017-01-26,9.878,10.05,9.878,10.003
2017-01-27,10.022,10.022,9.955,9.974
2017-01-30,10.079,10.77,10.079,10.578
2017-01-31,10.635,11.029,10.578,10.779
2017-02-01,10.933,10.933,10.645,10.741
2017-02-02,10.981,11.288,10.856,10.856
2017-02-03,10.856,10.856,10.626,10.741
2017-02-06,10.741,10.837,10.549,10.549
2017-02-07,10.549,10.549,10.357,10.549
2017-02-08,10.549,10.741,10.549,10.741
2017-02-09,10.779,11.048,10.779,11.048
2017-02-10,11.067,11.22,11.067,11.077
2017-02-13,11.192,11.316,10.846,10.846
2017-02-14,11.057,11.201,10.894,10.981
2017-02-15,10.741,10.962,10.741,10.904
2017-02-16,10.952,11.029,10.799,10.981
2017-02-17,11.029,11.029,10.741,11.029
2017-02-20,11.153,11.153,10.837,10.837
2017-02-21,10.837,11.086,10.741,11.086
2017-02-22,11.163,11.268,11.029,11.249
2017-02-23,11.249,11.249,10.981,11.029
2017-02-24,11.029,11.029,10.453,10.693
2017-02-27,10.607,11.019,10.607,10.741
2017-02-28,10.616,10.616,9.696,10.166
2017-03-01,10.166,10.453,10.166,10.425
2017-03-02,10.425,10.53,10.425,10.53
2017-03-03,10.425,10.549,10.261,10.549
2017-03-06,10.386,10.386,10.118,10.166
2017-03-07,10.175,10.175,9.801,9.801
2017-03-08,9.792,9.964,9.648,9.916
2017-03-09,9.983,10.098,9.638,9.964
2017-03-10,9.878,9.926,9.686,9.907
2017-03-13,9.686,10.118,9.686,10.118
2017-03-14,10.118,10.722,10.118,10.616
2017-03-15,10.674,10.827,10.645,10.693
2017-03-16,10.693,10.818,10.645,10.789
2017-03-17,10.789,10.818,10.482,10.799
2017-03-20,10.827,10.837,10.568,10.568
2017-03-21,10.482,10.501,10.281,10.501
2017-03-22,10.405,10.453,10.377,10.453
2017-03-24,10.367,10.415,10.357,10.415
2017-03-27,10.166,10.166,9.878,10.022
2017-03-28,10.022,10.405,10.022,10.405
2017-03-29,10.52,10.799,10.52,10.779
2017-03-30,10.77,10.799,10.549,10.799
2017-03-31,10.578,10.799,10.578,10.789
2017-04-03,10.894,11.211,10.818,11.211
2017-04-04,11.297,11.508,11.288,11.508
2017-04-05,11.604,11.69,11.604,11.671
2017-04-06,11.69,11.7,11.508,11.652
2017-04-07,11.547,11.585,11.125,11.297
2017-04-10,11.508,11.575,11.508,11.575
2017-04-11,11.575,11.882,11.575,11.662
2017-04-12,11.748,11.844,11.681,11.844
2017-04-13,11.882,12.122,11.882,12.084
2017-04-18,11.988,12.18,11.988,12.18
2017-04-19,12.016,12.275,12.016,12.084
2017-04-20,12.084,12.275,12.045,12.275
2017-04-21,12.256,12.304,12.045,12.247
2017-04-24,12.18,12.18,12.007,12.007
2017-04-25,12.16,12.16,11.988,12.045
2017-04-26,12.045,12.045,11.758,11.767
2017-04-27,11.7,11.7,11.547,11.604
2017-04-28,11.46,11.46,11.24,11.316
2017-05-02,11.499,11.748,11.412,11.748
2017-05-04,11.748,11.748,11.623,11.623
2017-05-05,11.652,11.796,11.652,11.796
2017-05-08,11.796,11.796,11.681,11.748
2017-05-09,11.7,11.796,11.662,11.662
2017-05-10,11.873,11.873,11.7,11.7
2017-05-11,11.671,11.671,11.671,11.671
2017-05-12,11.662,11.662,11.499,11.499
2017-05-15,11.499,11.499,10.76,11.211
2017-05-16,11.038,11.211,11.029,11.211
2017-05-17,11.211,11.211,11.173,11.173
2017-05-18,11.029,11.029,10.722,10.837
2017-05-19,10.885,11.038,10.885,11.029
2017-05-22,11.211,11.211,11.201,11.211
2017-05-23,11.22,11.22,10.866,11.211
2017-05-24,11.211,11.268,10.914,11.268
2017-05-25,11.22,11.892,11.22,11.844
2017-05-26,11.844,11.844,11.681,11.681
2017-05-29,11.518,11.873,11.508,11.873
2017-05-30,11.853,12.17,11.853,11.988
2017-05-31,11.988,12.084,11.844,11.988
2017-06-01,11.94,12.18,11.518,11.911
2017-06-02,11.892,11.892,11.796,11.892
2017-06-05,11.892,11.892,11.796,11.825
2017-06-06,11.796,11.796,11.796,11.796
2017-06-07,11.642,11.738,11.642,11.662
2017-06-08,11.662,11.662,11.585,11.642
2017-06-09,11.585,11.642,11.518,11.518
2017-06-12,11.508,11.508,11.431,11.431
2017-06-13,11.345,11.46,11.345,11.412
2017-06-14,11.412,11.805,10.885,11.527
2017-06-16,11.556,11.623,11.268,11.604
2017-06-19,11.595,11.595,11.595,11.595
2017-06-20,11.595,11.595,11.508,11.508
2017-06-21,11.595,11.604,11.508,11.508
2017-06-23,11.364,11.412,11.307,11.412
2017-06-26,11.451,11.604,11.451,11.604
2017-06-27,11.374,11.585,11.374,11.585
2017-06-28,11.556,11.556,11.412,11.508
2017-06-29,11.537,11.537,11.412,11.412
2017-06-30,11.374,11.374,11.125,11.22
2017-07-03,11.048,11.268,11.048,11.22
2017-07-04,11.316,11.46,11.316,11.412
2017-07-05,11.249,11.412,11.249,11.316
2017-07-06,11.46,11.604,11.46,11.604
2017-07-07,11.604,11.69,11.604,11.652
2017-07-10,11.326,11.326,11.326,11.326
2017-07-11,11.326,12.323,11.22,11.863
2017-07-12,11.863,11.94,11.805,11.844
2017-07-13,11.805,11.892,11.748,11.748
2017-07-14,11.748,11.863,11.566,11.863
2017-07-17,11.997,11.997,11.738,11.94
2017-07-18,11.959,11.978,11.412,11.873
2017-07-19,11.882,11.882,11.662,11.662
2017-07-20,11.796,11.796,11.7,11.7
2017-07-21,11.796,11.844,11.652,11.652
2017-07-24,11.681,11.681,11.604,11.604
2017-07-25,11.786,11.786,11.777,11.777
2017-07-26,11.873,11.873,11.873,11.873
2017-07-28,11.614,11.873,11.614,11.844
2017-07-31,11.614,11.796,11.604,11.796
2017-08-01,11.652,11.652,11.652,11.652
2017-08-02,11.652,11.652,11.642,11.642
2017-08-03,11.633,11.633,11.508,11.508
2017-08-04,11.508,11.508,11.508,11.508
2017-08-07,11.623,11.623,11.508,11.604
2017-08-08,11.451,11.451,11.355,11.384
2017-08-09,11.384,11.508,11.384,11.508
2017-08-10,11.508,11.508,11.508,11.508
2017-08-11,11.384,11.441,11.316,11.316
2017-08-14,11.316,11.316,11.24,11.316
2017-08-16,11.316,11.422,11.249,11.422
2017-08-17,11.422,11.892,11.316,11.892
2017-08-18,11.671,11.671,11.642,11.642
2017-08-21,11.825,11.825,11.547,11.642
2017-08-22,11.662,11.671,11.508,11.508
2017-08-23,11.508,11.604,11.46,11.604
2017-08-24,11.441,11.604,11.412,11.604
2017-08-25,11.595,11.595,11.412,11.412
2017-08-28,11.412,11.412,11.326,11.326
2017-08-29,11.364,11.393,11.364,11.374
2017-08-30,11.403,11.412,11.249,11.316
2017-08-31,11.316,11.364,11.249,11.316
2017-09-01,11.316,11.316,11.268,11.268
2017-09-04,11.268,11.566,11.259,11.278
2017-09-05,11.345,11.345,11.345,11.345
2017-09-06,11.364,11.364,11.336,11.336
2017-09-07,11.336,11.336,11.24,11.24
2017-09-08,11.297,11.297,10.54,10.693
2017-09-11,10.693,11.01,10.664,11.01
2017-09-12,10.846,11.01,10.837,10.971
2017-09-13,10.837,10.846,10.837,10.837
2017-09-14,11,11,10.837,11
2017-09-15,11,11.153,10.837,11.134
2017-09-18,11.163,11.22,10.846,11.125
2017-09-19,11.125,11.125,10.875,11.115
2017-09-20,11.105,11.499,11.105,11.163
2017-09-21,11.22,11.22,11.029,11.22
2017-09-22,11.029,11.029,10.933,11.019
2017-09-25,10.885,11.029,10.837,11.029
2017-09-26,10.856,11.01,10.837,10.981
2017-09-27,10.856,10.856,10.741,10.789
2017-09-28,10.789,10.789,10.789,10.789
2017-09-29,10.76,10.933,10.76,10.933
2017-10-02,10.952,11.01,10.952,11.01
2017-10-03,11.029,11.077,11.029,11.077
2017-10-04,10.942,11.067,10.942,10.942
2017-10-05,10.952,11.019,10.952,11.019
2017-10-06,11.029,11.029,10.933,10.933
2017-10-09,10.933,10.933,10.894,10.894
2017-10-10,10.904,11.182,10.904,11.029
2017-10-11,11.029,11.192,11,11.182
2017-10-12,11.268,11.393,11.182,11.192
2017-10-13,11.892,11.94,11.604,11.738
2017-10-16,11.758,11.853,11.738,11.825
2017-10-17,11.671,11.825,11.652,11.652
2017-10-18,11.527,11.556,11.508,11.556
2017-10-19,11.556,11.853,11.556,11.853
2017-10-20,11.863,12.122,11.777,12.074
2017-10-23,12.074,12.304,11.949,12.227
2017-10-24,12.285,12.506,12.074,12.084
2017-10-25,11.988,12.208,11.748,11.988
2017-10-26,12.112,12.112,11.892,11.892
2017-10-27,11.796,11.949,11.796,11.805
2017-10-30,11.834,12.093,11.805,12.093
2017-10-31,12.093,12.323,12.093,12.314
2017-11-02,12.323,12.323,12.199,12.275
2017-11-03,12.266,12.275,12.093,12.199
2017-11-06,12.275,12.304,12.18,12.18
2017-11-07,12.093,12.093,11.892,11.94
2017-11-08,11.959,12.007,11.949,12.007
2017-11-09,12.227,12.323,12.045,12.237
2017-11-10,12.18,12.18,12.084,12.18
2017-11-13,12.026,12.026,11.94,11.988
2017-11-14,11.94,11.94,11.901,11.901
2017-11-15,11.805,11.892,11.805,11.892
2017-11-16,11.844,11.901,11.844,11.901
2017-11-17,11.94,12.093,11.94,12.093
2017-11-20,12.16,12.16,12.093,12.093
2017-11-21,11.892,11.892,11.796,11.796
2017-11-22,11.825,11.844,11.796,11.796
2017-11-23,11.834,11.844,11.834,11.844
2017-11-24,11.844,11.844,11.508,11.719
2017-11-27,11.71,11.71,11.412,11.412
2017-11-28,11.508,11.508,11.412,11.431
2017-11-29,11.441,11.499,11.316,11.412
2017-11-30,11.508,11.978,11.508,11.892
2017-12-01,11.71,11.863,11.556,11.69
2017-12-04,11.652,11.69,11.499,11.508
2017-12-05,11.499,11.499,11.46,11.46
2017-12-06,11.556,11.556,11.556,11.556
2017-12-07,11.556,11.556,11.431,11.556
2017-12-08,11.527,11.527,11.527,11.527
2017-12-11,11.556,11.556,11.431,11.431
2017-12-12,11.431,11.431,11.22,11.364
2017-12-13,11.355,11.364,10.751,10.933
2017-12-14,10.894,11.24,10.846,10.846
2017-12-15,10.846,11.201,10.846,11.153
2017-12-18,11.029,11.355,11.029,11.316
2017-12-19,11.316,11.595,11.316,11.508
2017-12-20,11.595,12.016,11.556,12.016
2017-12-21,12.036,12.275,12.016,12.266
2017-12-22,12.323,12.496,12.314,12.496
2017-12-27,12.506,13.033,12.506,12.803
2017-12-28,12.803,13.177,12.755,13.177
2017-12-29,13.33,13.426,13.206,13.426
2018-01-03,14.385,14.385,13.57,14.098
2018-01-04,14.002,14.289,13.906,13.906
2018-01-05,14.098,14.241,14.002,14.145
2018-01-08,14.145,14.145,13.906,13.906
2018-01-09,13.954,14.193,13.666,14.193
2018-01-10,14.289,14.385,14.193,14.289
2018-01-11,14.241,14.241,13.81,14.098
2018-01-12,14.289,14.289,13.954,13.954
2018-01-15,14.002,14.002,14.002,14.002
2018-01-16,13.954,14.098,13.906,14.098
2018-01-17,14.05,14.05,13.714,13.906
2018-01-18,13.906,14.002,13.906,14.002
2018-01-19,13.954,14.002,13.906,13.906
2018-01-22,13.906,13.906,13.714,13.714
2018-01-23,13.714,13.81,13.714,13.81
2018-01-24,13.81,13.858,13.762,13.81
2018-01-25,13.81,13.81,13.81,13.81
2018-01-26,13.81,14.145,13.81,14.145
2018-01-29,14.337,14.337,14.098,14.098
2018-01-31,13.858,13.858,13.81,13.858
2018-02-01,13.906,14.05,13.57,13.57
2018-02-02,13.618,13.618,12.323,13.426
2018-02-05,13.522,13.522,13.043,13.33
2018-02-06,12.515,13.091,12.467,12.707
2018-02-07,13.043,13.043,12.755,12.755
2018-02-08,12.851,12.851,12.611,12.611
2018-02-09,12.467,12.467,12.18,12.419
2018-02-12,12.419,12.659,12.419,12.611
2018-02-13,12.659,13.043,12.659,12.755
2018-02-14,12.995,13.282,12.995,13.282
2018-02-15,13.282,13.522,13.282,13.282
2018-02-16,13.522,13.57,12.947,12.947
2018-02-19,12.947,12.947,12.563,12.755
2018-02-20,12.755,12.755,12.563,12.755
2018-02-21,12.755,12.803,12.563,12.803
2018-02-22,12.851,12.851,12.515,12.515
2018-02-23,12.659,12.659,12.467,12.467
2018-02-26,12.467,12.755,12.467,12.755
2018-02-27,12.803,12.851,12.755,12.851
2018-02-28,12.851,12.947,12.803,12.947
2018-03-01,12.899,12.947,12.515,12.947
2018-03-02,12.947,12.947,12.467,12.467
2018-03-05,12.515,12.851,12.515,12.851
2018-03-06,12.851,12.947,12.755,12.755
2018-03-07,12.803,13.043,12.755,13.043
2018-03-08,13.091,13.234,13.091,13.186
2018-03-09,13.186,13.282,13.186,13.282
2018-03-12,12.995,13.282,12.995,13.282
2018-03-13,13.091,13.378,13.091,13.33
2018-03-14,13.282,13.33,13.282,13.282
2018-03-15,13.282,13.282,13.282,13.282
2018-03-16,13.091,13.139,13.043,13.139
2018-03-19,13.139,13.139,12.755,12.947
2018-03-20,12.851,12.899,12.755,12.899
2018-03-21,12.659,12.851,12.659,12.851
2018-03-22,12.851,13.139,12.851,13.139
2018-03-23,13.043,13.043,12.659,12.947
2018-03-26,12.899,12.947,12.899,12.947
2018-03-27,12.659,12.947,12.563,12.947
2018-03-28,12.803,12.947,12.515,12.515
2018-03-29,12.515,12.515,11.268,12.515
2018-04-03,12.275,12.275,12.275,12.275
2018-04-04,12.371,12.371,12.084,12.371
2018-04-05,12.371,12.371,12.371,12.371
2018-04-06,12.371,12.371,12.275,12.275
2018-04-09,12.275,12.851,12.275,12.851
2018-04-10,12.851,12.851,12.467,12.659
2018-04-11,12.803,12.803,12.707,12.707
2018-04-12,12.755,12.851,12.515,12.851
2018-04-13,12.467,12.851,12.467,12.851
2018-04-16,12.803,13.234,12.467,12.707
2018-04-17,12.563,12.563,12.467,12.467
2018-04-18,12.659,12.659,12.563,12.563
2018-04-19,12.707,12.707,12.659,12.707
2018-04-20,12.707,12.707,12.563,12.563
2018-04-23,12.515,12.515,12.371,12.371
2018-04-24,12.371,12.371,12.084,12.275
2018-04-25,12.275,12.275,12.132,12.132
2018-04-26,12.275,12.275,11.892,12.275
2018-04-27,11.988,12.275,11.988,12.275
2018-04-30,11.94,12.371,11.94,12.371
2018-05-02,12.467,12.467,11.988,12.323
2018-05-04,11.988,12.036,11.7,11.748
2018-05-07,11.748,12.899,11.748,12.563
2018-05-08,12.515,12.947,12.084,12.467
2018-05-09,12.084,12.419,12.084,12.371
2018-05-10,12.323,12.371,12.323,12.371
2018-05-11,12.371,12.371,11.892,12.371
2018-05-14,12.467,13.139,12.467,12.899
2018-05-15,12.851,12.851,12.467,12.467
2018-05-16,12.803,12.803,12.275,12.275
2018-05-17,12.18,12.18,12.132,12.132
2018-05-18,12.084,12.132,11.892,12.132
2018-05-21,12.036,12.803,11.988,12.803
2018-05-22,12.467,12.659,12.227,12.467
2018-05-23,12.275,12.419,12.275,12.419
2018-05-24,12.419,12.419,12.275,12.275
2018-05-25,12.275,12.275,12.275,12.275
2018-05-28,12.371,12.467,12.18,12.467
2018-05-29,12.371,12.467,12.084,12.467
2018-05-30,12.275,12.275,12.275,12.275
2018-06-01,12.467,12.803,12.467,12.755
2018-06-04,12.515,12.563,12.467,12.563
2018-06-05,12.755,12.755,12.467,12.611
2018-06-06,12.659,12.707,12.371,12.419
2018-06-07,12.419,12.419,12.227,12.419
2018-06-08,12.419,12.419,12.227,12.419
2018-06-11,12.419,12.419,12.419,12.419
2018-06-12,12.419,12.419,12.227,12.323
2018-06-13,12.467,12.467,12.227,12.227
2018-06-14,12.515,12.563,12.132,12.132
2018-06-15,12.084,12.132,11.94,12.132
2018-06-18,12.084,12.132,11.892,11.892
2018-06-19,11.892,11.892,11.22,11.604
2018-06-20,11.46,11.604,11.364,11.604
2018-06-21,11.556,11.604,11.508,11.604
2018-06-22,11.508,11.7,11.268,11.46
2018-06-25,11.46,11.748,10.693,11.508
2018-06-26,11.268,11.988,11.268,11.652
2018-06-27,11.844,11.844,11.316,11.844
2018-06-28,11.748,11.748,11.316,11.652
2018-06-29,11.412,11.652,11.412,11.652
2018-07-02,11.508,11.604,11.412,11.604
2018-07-03,11.556,11.604,11.316,11.556
2018-07-04,11.364,11.556,10.933,11.029
2018-07-05,10.885,11.268,10.741,11.268
2018-07-06,11.077,11.22,11.077,11.22
2018-07-09,11.268,11.412,10.933,11.22
2018-07-10,10.981,11.125,10.933,10.981
2018-07-11,10.933,11.173,10.933,10.933
2018-07-12,11.173,11.268,11.029,11.268
2018-07-13,11.268,11.268,10.933,11.173
2018-07-16,11.077,11.077,10.837,11.029
2018-07-17,11.125,11.125,10.789,11.125
2018-07-18,11.077,11.077,10.789,10.837
2018-07-19,10.789,11.029,10.549,10.885
2018-07-20,10.789,10.933,10.789,10.933
2018-07-23,10.837,11.077,10.693,11.029
2018-07-24,11.029,11.125,10.837,11.029
2018-07-25,10.933,11.029,10.741,10.981
2018-07-26,10.981,11.029,10.789,10.981
2018-07-27,10.981,10.981,10.741,10.837
2018-07-30,10.837,10.837,10.357,10.405
2018-07-31,10.549,10.549,9.878,10.309
2018-08-01,10.07,10.741,10.07,10.741
2018-08-02,10.693,10.741,10.693,10.741
2018-08-03,10.741,10.789,10.309,10.309
2018-08-06,10.597,10.645,10.357,10.549
2018-08-07,10.357,10.501,10.309,10.501
2018-08-08,10.357,10.549,10.357,10.549
2018-08-09,10.357,10.357,9.878,10.166
2018-08-10,10.166,10.261,10.166,10.261
2018-08-13,10.261,10.261,9.2449,10.022
2018-08-14,10.07,10.166,10.07,10.166
2018-08-16,10.07,10.07,9.4943,9.4943
2018-08-17,9.571,10.309,9.571,10.309
2018-08-20,10.357,11.22,10.357,11.22
2018-08-21,11.22,11.508,10.933,11.173
2018-08-22,10.933,10.933,10.741,10.837
2018-08-23,10.549,10.933,10.309,10.933
2018-08-24,10.645,11.364,10.549,10.933
2018-08-27,11.029,11.412,10.645,11.316
2018-08-28,11.077,11.94,11.077,11.508
2018-08-29,11.508,11.508,11.508,11.508
2018-08-30,11.316,11.508,11.22,11.46
2018-08-31,11.412,11.46,11.077,11.412
2018-09-03,11.364,11.412,10.885,11.125
2018-09-04,10.885,10.981,10.837,10.981
2018-09-05,10.981,11.412,10.885,11.029
2018-09-06,10.837,11.844,10.837,11.364
2018-09-07,11.029,11.364,11.029,11.364
2018-09-10,11.364,11.364,10.885,11.029
2018-09-11,11.029,11.22,11.029,11.22
2018-09-12,10.933,11.268,10.933,11.268
2018-09-13,11.268,11.268,11.029,11.125
2018-09-14,11.125,11.22,11.125,11.22
2018-09-18,11.268,11.364,11.173,11.316
2018-09-19,11.173,11.316,11.173,11.316
2018-09-20,11.316,11.604,11.316,11.556
2018-09-21,11.604,11.796,11.508,11.796
2018-09-24,11.796,11.844,11.796,11.796
2018-09-25,11.844,11.988,11.796,11.988
2018-09-26,11.988,12.323,11.7,11.7
2018-09-27,11.508,11.748,10.933,11.268
2018-09-28,11.508,11.652,10.933,11.652
2018-10-01,11.7,12.036,11.652,11.796
2018-10-02,11.844,11.844,11.364,11.844
2018-10-03,11.316,11.796,11.316,11.796
2018-10-04,11.652,11.652,11.652,11.652
2018-10-08,11.652,11.7,11.652,11.7
2018-10-09,11.748,12.323,11.748,12.275
2018-10-10,11.604,11.988,11.364,11.748
2018-10-11,11.364,11.748,11.22,11.748
2018-10-15,11.604,11.796,11.604,11.796
2018-10-16,11.412,12.084,11.412,12.084
2018-10-17,11.988,12.084,11.988,12.084
2018-10-18,12.084,12.084,12.084,12.084
2018-10-19,12.132,12.275,12.132,12.275
2018-10-22,12.275,12.323,12.227,12.323
2018-10-23,12.323,12.419,11.94,12.323
2018-10-24,12.323,12.419,11.988,12.323
2018-10-26,11.892,11.892,11.892,11.892
2018-10-29,12.132,12.132,12.132,12.132
2018-10-30,11.988,12.132,11.988,12.132
2018-10-31,11.892,12.132,11.892,12.132
2018-11-02,12.132,12.275,12.132,12.275
2018-11-05,12.132,12.132,12.084,12.084
2018-11-06,12.036,12.275,12.036,12.275
2018-11-07,12.084,12.227,11.988,12.227
2018-11-08,12.18,12.18,12.18,12.18
2018-11-09,11.94,12.132,11.94,12.132
2018-11-13,11.94,12.084,11.892,12.084
2018-11-15,11.604,11.94,11.604,11.94
2018-11-16,11.604,11.844,11.604,11.844
2018-11-20,11.556,11.652,11.556,11.652
2018-11-21,11.412,11.892,11.412,11.892
2018-11-22,11.892,11.892,11.892,11.892
2018-11-23,11.508,11.796,11.508,11.796
2018-11-26,11.508,11.892,11.508,11.892
2018-11-27,11.892,12.132,11.7,12.132
2018-11-28,12.132,12.132,12.132,12.132
2018-11-29,12.132,12.132,11.892,12.132
2018-11-30,12.132,12.18,12.132,12.18
2018-12-03,11.7,12.132,11.7,12.084
2018-12-04,11.652,12.084,11.652,12.084
2018-12-06,11.7,11.94,11.604,11.94
2018-12-10,11.604,11.844,11.508,11.796
2018-12-11,11.508,11.604,11.508,11.604
2018-12-12,11.604,11.652,11.604,11.652
2018-12-13,11.604,11.604,11.268,11.556
2018-12-14,11.268,11.268,10.885,11.029
2018-12-17,11.029,11.268,9.974,10.645
2018-12-18,10.645,11.125,10.645,10.933
2018-12-19,10.885,10.933,10.597,10.741
2018-12-20,10.741,11.22,10.741,11.077
2018-12-21,10.741,11.077,10.597,10.837
2018-12-27,10.837,10.837,10.645,10.837
2018-12-28,10.837,11.125,10.789,11.125
2019-01-03,11.029,11.029,11.029,11.029
2019-01-07,10.741,10.981,10.741,10.981
2019-01-08,10.741,10.933,10.741,10.933
2019-01-10,10.645,10.885,10.597,10.885
2019-01-11,10.933,10.933,10.741,10.933
2019-01-14,10.933,10.981,10.933,10.981
2019-01-15,10.981,10.981,10.789,10.981
2019-01-16,10.981,10.981,10.789,10.981
2019-01-18,10.981,11.604,10.885,11.604
2019-01-21,11.604,11.604,11.604,11.604
2019-01-22,11.268,11.748,11.268,11.748
2019-01-24,11.7,11.988,11.7,11.988
2019-01-25,11.796,11.988,11.508,11.988
2019-01-28,11.508,11.508,11.316,11.508
2019-01-29,11.508,11.7,11.268,11.604
2019-01-30,11.556,11.556,11.556,11.556
2019-02-01,11.556,11.556,11.556,11.556
2019-02-04,11.652,11.7,11.652,11.7
2019-02-06,11.508,11.7,11.508,11.7
2019-02-07,11.364,11.7,11.125,11.604
2019-02-11,11.316,11.508,11.173,11.508
2019-02-12,11.125,11.508,10.789,11.077
2019-02-13,11.029,11.508,10.885,11.412
2019-02-14,10.885,11.268,10.885,11.268
2019-02-15,10.837,11.22,10.837,11.125
2019-02-18,10.837,11.22,10.837,11.22
2019-02-19,10.933,11.22,10.933,11.22
2019-02-20,10.933,11.22,10.885,11.22
2019-02-21,10.885,11.125,10.837,11.029
2019-02-22,10.837,11.029,10.789,11.029
2019-02-25,10.789,11.029,10.741,10.981
2019-02-26,10.645,10.981,10.645,10.981
2019-02-27,10.693,10.885,10.693,10.885
2019-02-28,10.549,10.885,10.549,10.837
2019-03-01,10.549,10.837,9.83,10.693
2019-03-04,10.166,10.693,10.166,10.693
2019-03-05,10.741,10.741,10.693,10.741
2019-03-06,10.645,10.693,10.645,10.693
2019-03-07,10.645,10.741,10.357,10.741
2019-03-08,10.693,10.693,10.549,10.645
2019-03-11,10.309,10.549,10.166,10.549
2019-03-12,10.549,10.645,10.357,10.357
2019-03-13,10.214,10.357,10.166,10.357
2019-03-14,10.357,10.357,10.118,10.357
2019-03-15,10.357,10.549,10.07,10.549
2019-03-18,10.549,10.645,10.549,10.645
2019-03-19,10.645,10.645,10.549,10.645
2019-03-20,10.549,10.645,10.549,10.645
2019-03-21,10.597,10.981,10.597,10.933
2019-03-22,10.885,10.933,10.885,10.933
2019-03-25,11.173,11.268,10.405,10.837
2019-03-27,10.693,11.029,10.693,11.029
2019-03-28,10.549,11.029,10.549,11.029
2019-03-29,10.741,10.933,10.741,10.933
2019-04-01,10.549,10.837,10.549,10.837
2019-04-03,10.645,10.693,10.645,10.693
2019-04-04,10.405,10.693,10.357,10.693
2019-04-05,10.214,10.597,10.214,10.597
2019-04-08,10.501,10.549,10.501,10.549
2019-04-09,10.453,10.549,10.261,10.549
2019-04-10,10.549,10.693,10.549,10.693
2019-04-11,10.453,10.597,10.261,10.549
2019-04-12,10.261,10.549,10.261,10.549
2019-04-15,10.357,10.501,10.357,10.453
2019-04-16,10.405,10.405,10.405,10.405
2019-04-17,10.261,10.261,10.261,10.261
2019-04-18,10.261,10.453,10.261,10.453
2019-04-23,10.405,10.453,10.405,10.453
2019-04-24,10.261,10.261,9.974,10.261
2019-04-26,10.261,10.261,10.07,10.261
2019-04-29,10.214,10.357,10.214,10.357
2019-04-30,10.357,11.22,10.357,11.125
2019-05-02,10.789,11.029,10.789,11.029
2019-05-06,10.789,11.029,10.789,11.029
2019-05-07,10.837,10.933,10.741,10.933
2019-05-08,10.837,10.837,10.837,10.837
2019-05-09,10.789,10.789,10.789,10.789
2019-05-10,10.645,10.789,10.645,10.789
2019-05-13,10.453,10.789,10.453,10.789
2019-05-15,10.549,10.741,10.549,10.741
2019-05-17,10.357,10.741,10.357,10.741
2019-05-20,10.693,10.693,10.549,10.645
2019-05-21,10.357,10.357,10.022,10.166
2019-05-22,10.022,10.166,9.782,10.07
2019-05-23,10.07,10.261,9.878,10.261
2019-05-24,10.261,10.453,10.261,10.453
2019-05-27,10.022,10.261,9.686,10.07
2019-05-28,9.59,9.878,9.59,9.878
2019-05-29,9.878,10.357,9.878,10.357
2019-05-30,10.022,10.357,9.878,10.07
2019-05-31,9.83,10.261,9.59,10.07
2019-06-03,9.926,9.974,9.926,9.974
2019-06-04,9.974,10.07,9.974,10.07
2019-06-05,10.07,10.07,9.974,9.974
2019-06-06,9.59,9.974,9.4943,9.4943
2019-06-07,9.4751,9.4943,9.2257,9.3984
2019-06-10,9.4943,9.533,9.2833,9.4367
2019-06-11,9.3984,9.4367,8.8421,9.36
2019-06-12,9.3216,9.4367,9.3025,9.3792
2019-06-13,9.3025,9.3984,9.3025,9.3025
2019-06-14,9.3025,9.3792,9.3025,9.3792
2019-06-17,9.36,9.4559,9.36,9.4559
2019-06-18,9.3984,9.4559,9.3984,9.4559
2019-06-19,9.4559,9.552,9.3984,9.552
2019-06-21,9.552,9.571,9.552,9.571
2019-06-24,9.638,9.638,9.571,9.638
2019-06-25,9.638,9.686,9.638,9.686
2019-06-26,9.686,9.878,9.686,9.878
2019-06-27,9.878,10.07,9.59,10.07
2019-06-28,10.07,10.07,9.782,9.974
2019-07-01,9.974,10.501,9.878,10.501
2019-07-02,10.501,11.029,10.501,11.029
2019-07-03,10.789,11.029,10.789,11.029
2019-07-04,11.029,11.46,11.029,11.46
2019-07-05,11.46,11.94,11.46,11.94
2019-07-08,11.892,11.94,11.892,11.94
2019-07-09,11.94,11.94,11.556,11.94
2019-07-10,11.748,11.94,11.7,11.94
2019-07-11,11.94,11.94,11.844,11.844
2019-07-12,11.748,12.275,11.7,12.227
2019-07-15,12.227,12.275,12.18,12.227
2019-07-16,12.227,12.227,12.084,12.227
2019-07-17,12.227,12.371,12.227,12.323
2019-07-18,12.036,12.227,11.604,12.036
2019-07-19,12.036,12.036,11.7,11.7
2019-07-22,12.2,12.55,12.1,12.4
2019-07-23,12.4,12.45,12.05,12.35
2019-07-24,12.05,12.05,11.25,11.65
2019-07-25,11.85,11.95,11.85,11.95
2019-07-26,11.95,11.95,11.95,11.95
2019-07-29,11.8,11.8,11.8,11.8
2019-07-31,11.8,11.95,11.5,11.85
2019-08-01,11.95,11.95,11.95,11.95
2019-08-02,11.95,11.95,11.95,11.95
2019-08-05,11.8,11.8,11.4,11.7
2019-08-06,11.5,11.5,11.5,11.5
2019-08-07,11.35,11.55,11,11.55
2019-08-08,11.35,11.85,10.55,11.85
2019-08-12,11.5,11.5,11.5,11.5
2019-08-14,11.5,11.5,10.65,11.35
2019-08-19,11.1,11.25,11.1,11.25
2019-08-20,11.2,11.2,11.2,11.2
2019-08-21,11,11.3,11,11.3
2019-08-23,11.25,11.3,11.25,11.3
2019-08-26,11.2,11.3,11.2,11.3
2019-08-28,10.9,11.25,10.85,11.25
2019-08-29,11,12.5,10.8,12
2019-08-30,12,12.25,12,12.25
2019-09-02,12.25,13.5,12.25,13.5
2019-09-03,13.5,13.8,13.2,13.45
2019-09-04,13.35,13.35,12.85,13
2019-09-05,13,13.3,13,13.3
2019-09-06,13.3,13.3,13,13.2
2019-09-09,13.2,13.95,13.15,13.95
2019-09-10,13.9,13.9,13.15,13.75
2019-09-11,13.3,13.7,13.3,13.7
2019-09-12,13.4,13.4,13.1,13.3
2019-09-13,13.1,13.3,13,13.3
2019-09-16,13.35,13.35,13.3,13.3
2019-09-17,13.05,13.3,12.9,13.25
2019-09-18,13.3,13.8,13,13.75
2019-09-19,13.7,14.5,13.5,14.3
2019-09-20,14.15,14.3,13.95,14.25
2019-09-23,13.85,14.3,13.8,14.3
2019-09-24,14,14.2,14,14.2
2019-09-25,13.9,14.25,13.8,14.05
2019-09-26,14.05,14.1,14.05,14.1
2019-09-27,13.85,14.05,13.4,13.9
2019-09-30,13.85,13.95,13.6,13.8
2019-10-01,13.3,13.35,12,12.9
2019-10-02,12.6,13.05,12.35,13
2019-10-03,12.95,13.8,12.95,13.8
2019-10-04,13.75,13.9,13.3,13.85
2019-10-07,13.45,13.85,13.45,13.65
2019-10-08,13.4,13.5,13.25,13.25
2019-10-09,13.45,13.5,13.45,13.5
2019-10-10,13.3,13.3,12.9,13.2
2019-10-11,13.15,13.2,12.95,13.2
2019-10-14,13.2,13.2,13.2,13.2
2019-10-16,13.2,13.75,13.2,13.75
2019-10-17,13.8,14,13.8,14
2019-10-18,13.7,14,13.7,13.8
2019-10-21,13.9,14.3,13.8,14.3
2019-10-22,14.3,14.8,14.25,14.8
2019-10-23,14.8,14.8,14.3,14.65
2019-10-24,14.75,14.75,14.2,14.45
2019-10-25,14.45,14.45,13.35,13.9
2019-10-28,14,14.3,14,14.3
2019-10-30,14.3,14.3,13.75,14.1
2019-10-31,14.1,14.15,14.1,14.15
2019-11-04,14.2,14.25,14,14
2019-11-05,13.9,14.1,13.9,14
2019-11-06,14,14,14,14
2019-11-08,13.8,14,13.75,14
2019-11-12,13.9,13.9,13.6,13.6
2019-11-13,13.7,13.7,13.7,13.7
2019-11-14,13.55,13.7,13.5,13.7
2019-11-15,13.5,14.3,13.5,14.3
2019-11-18,14.5,15.7,14.4,15.45
2019-11-19,15.05,16.3,15.05,15.65
2019-11-20,15.7,16,15.5,16
2019-11-21,15.9,16.4,15.75,16.3
2019-11-22,16.2,16.45,16.1,16.1
2019-11-25,16.4,16.6,16.1,16.55
2019-11-26,16.55,16.9,16.45,16.5
2019-11-27,16.55,16.55,15.8,16.35
2019-11-28,16,16.25,15.3,15.4
2019-11-29,15.25,15.85,15.25,15.85
2019-12-02,15.85,16.2,15.25,15.45
2019-12-03,15.5,16.2,15.4,15.5
2019-12-04,15.5,15.9,15.5,15.9
2019-12-05,15.85,15.9,15.4,15.55
2019-12-06,15.95,15.95,15.85,15.95
2019-12-09,15.9,15.9,15.5,15.6
2019-12-10,15.5,15.8,15.5,15.8
2019-12-11,15.8,15.85,15.5,15.85
2019-12-12,15.55,16.55,15.55,16.5
2019-12-13,16.5,16.7,16.45,16.7
2019-12-16,16.75,16.9,16.65,16.9
2019-12-17,17,17.7,17,17.65
2019-12-18,17.65,17.75,17.4,17.75
2019-12-19,17.5,19,17.5,19
2019-12-20,19.2,20.9,19.2,19.95
2019-12-23,19.8,20.1,19.3,19.95
2019-12-27,19.45,19.95,19.2,19.75
2019-12-30,19.7,20.2,19,19
2020-01-02,19.5,20.9,19.5,20.8
2020-01-03,20.5,21,20,21
2020-01-07,21.2,21.6,20.8,21.5
2020-01-08,21.1,21.3,20.4,20.7
2020-01-09,20.7,21,20.2,20.7
2020-01-10,20.8,21.7,20.8,21
2020-01-13,21.5,21.5,21,21.1
2020-01-14,21.2,21.8,21,21.8
2020-01-15,21.8,21.9,21,21.5
2020-01-16,21.5,21.8,21.1,21.8
2020-01-17,21.5,22,21.2,22
2020-01-20,22,22.3,21.8,22.3
2020-01-21,22.3,22.7,21.3,22
2020-01-22,21.8,22.4,21.8,22.2
2020-01-23,22.3,22.3,22,22.3
2020-01-24,22.6,22.8,22.2,22.7
2020-01-27,22.1,22.1,21.1,22.1
2020-01-28,22.3,22.5,22,22
2020-01-29,22,22.1,21.8,22
2020-01-30,22,22,21.5,21.8
2020-01-31,21.7,22.5,21.5,22.5
2020-02-03,22.7,22.7,21.5,22.4
2020-02-04,22,22.4,21.6,22.3
2020-02-05,22,22.4,22,22.3
2020-02-06,21.9,22.3,21.8,22.3
2020-02-07,22.3,22.4,22,22.4
2020-02-10,22.3,22.4,21.5,22.4
2020-02-11,22.2,22.2,21.7,22.2
2020-02-12,22,22.2,21.7,22.2
2020-02-13,22,22.2,22,22.2
2020-02-14,22,22.2,21.7,22.2
2020-02-17,22.2,22.3,21.8,22.2
2020-02-18,21.9,22.2,21.8,22.2
2020-02-19,21.9,22.6,21.8,22.6
2020-02-20,22.7,23.6,22.7,23.4
2020-02-21,23.4,23.4,23.1,23.3
2020-02-24,23.6,23.6,22,22
2020-02-25,22,22.2,20.5,21
2020-02-26,20.9,21.7,20.9,21
2020-02-27,21,21.3,19.2,20.7
2020-02-28,19.2,20.5,18,20.5
2020-03-02,20,21,19.5,20.4
2020-03-03,20.9,21.7,20.5,21.6
2020-03-04,21.5,21.6,20.1,21.6
2020-03-05,21.6,21.6,21,21
2020-03-06,21,21,20.3,20.3
2020-03-09,19.4,19.6,17.5,19
2020-03-10,18.4,20,18.4,19.2
2020-03-11,19.2,19.3,17.8,18.85
2020-03-12,16.75,16.75,15.1,15.1
2020-03-13,14.15,16,14.05,14.7
2020-03-16,14.7,14.7,12.5,13.2
2020-03-17,13.1,14.25,12.7,14.2
2020-03-18,13.5,13.5,13,13.1
2020-03-19,13.1,15.8,13.1,15.8
2020-03-20,16.8,17.5,14.9,14.9
2020-03-23,14.9,14.9,13.5,14.2
2020-03-24,14.2,14.2,14.1,14.1
2020-03-25,14.15,15.4,14.1,14.95
2020-03-26,15,15,14.25,14.6
2020-03-27,14.7,15.3,14.4,15
2020-03-30,15,15,14.5,15
2020-03-31,15.15,15.15,14.5,14.8
2020-04-01,14.8,14.9,14.6,14.7
2020-04-02,14.8,14.8,14.6,14.75
2020-04-03,14.5,14.75,14.4,14.6
2020-04-06,14.75,15.25,14.55,14.8
2020-04-07,14.6,14.75,14.25,14.75
2020-04-08,14.25,14.75,14.2,14.2
2020-04-09,14.25,14.4,14.15,14.4
2020-04-14,14.45,15.2,14.05,14.5
2020-04-15,14.55,15.8,14.2,15.4
2020-04-16,15.4,15.75,15,15.75
2020-04-17,15.75,16,15.15,15.5
2020-04-20,15.8,15.8,14.9,15
2020-04-21,15.1,15.1,14.7,14.7
2020-04-22,14.7,14.8,14.5,14.8
2020-04-23,15.1,15.1,14.85,14.85
2020-04-24,14.85,15.1,14.55,15.1
2020-04-27,15.2,15.2,14.8,14.95
2020-04-28,14.95,14.95,14.1,14.5
2020-04-29,14.4,14.65,13.5,14.5
2020-04-30,14.6,14.8,13.2,13.7
2020-05-04,13.8,14,13.2,13.45
2020-05-05,13.45,14.3,13.45,13.9
2020-05-06,14.05,14.45,14,14.1
2020-05-07,14.25,14.25,13.9,13.9
2020-05-08,13.8,14.05,13.8,14
2020-05-11,14,14.25,13.9,14.05
2020-05-12,13.9,13.9,13.5,13.5
2020-05-13,13.85,14,13.5,14
2020-05-14,14,14,13.85,13.85
2020-05-15,13.75,14.15,13.6,14.1
2020-05-18,14,15.45,14,15.4
2020-05-19,15.45,16.45,15.45,16.25
2020-05-20,16.1,16.35,16,16.35
2020-05-21,16.5,16.7,16.5,16.7
2020-05-22,16.8,16.8,16.3,16.5
2020-05-25,16.5,16.5,15.4,15.8
2020-05-26,16,16.1,15.35,15.8
2020-05-27,15.85,15.85,15.45,15.6
2020-05-28,15.65,15.95,15.6,15.9
2020-05-29,15.6,15.9,15.2,15.2
2020-06-01,15.5,15.5,15.3,15.5
2020-06-02,15.5,15.5,15.2,15.4
2020-06-03,15.25,15.5,14.7,15.4
2020-06-04,15.45,15.45,15,15
2020-06-05,15,15.35,14.7,15.2
2020-06-08,15.5,15.5,15,15.25
2020-06-09,15.3,15.3,15,15.15
2020-06-10,14.7,15,14.6,14.8
2020-06-12,14.6,14.6,13.5,14.55
2020-06-15,14.2,14.2,14,14
2020-06-16,14,15.3,14,15.25
2020-06-17,15,15,14.4,14.8
2020-06-18,14.4,14.45,14,14.45
2020-06-22,14.6,14.6,14.2,14.2
2020-06-23,14.25,14.35,14.2,14.2
2020-06-24,14.35,14.5,14.3,14.35
2020-06-25,14.2,14.25,14.2,14.2
2020-06-26,14.05,14.4,14.05,14.4
2020-06-29,14,14.05,14,14
2020-06-30,13.9,14.75,13.65,14.5
2020-07-01,14.55,14.7,14.2,14.2
2020-07-02,14.2,14.4,14.2,14.4
2020-07-03,14.4,14.65,14.4,14.45
2020-07-06,14.5,14.7,14.4,14.6
2020-07-07,14.5,14.5,14.2,14.35
2020-07-08,14.35,14.75,14.35,14.75
2020-07-09,14.7,15,14.5,14.95
2020-07-10,14.85,14.85,14.6,14.6
2020-07-13,14.6,15,14.4,14.4
2020-07-14,14.45,14.45,14,14
2020-07-15,14.1,14.6,14.1,14.15
2020-07-16,14.6,14.6,13.9,13.9
2020-07-17,14.15,14.2,13.95,14.05
2020-07-20,14.1,14.1,13.85,13.85
2020-07-21,13.8,13.85,13.55,13.55
2020-07-22,13.55,13.7,13.1,13.25
2020-07-23,13.3,13.45,13.3,13.3
2020-07-24,13.3,13.4,13.2,13.25
2020-07-27,13.2,14,13.2,13.75
2020-07-28,14.15,14.5,13.75,14.35
2020-07-30,14.5,14.5,13.5,13.5
2020-07-31,13.6,14.15,13.6,13.6
2020-08-03,13.7,14.1,13.7,14.1
2020-08-04,13.7,13.8,13.7,13.8
2020-08-05,14.05,14.05,14.05,14.05
2020-08-06,14.05,14.1,13.85,13.85
2020-08-07,13.7,14.1,13.7,14.1
2020-08-10,13.7,13.8,13.6,13.7
2020-08-11,13.7,13.7,13.7,13.7
2020-08-12,13.7,13.7,13.7,13.7
2020-08-13,13.65,13.65,13.5,13.6
2020-08-14,13.25,13.25,13.25,13.25
2020-08-19,13.25,13.3,13.2,13.3
2020-08-20,13.3,14.5,13.25,14.5
2020-08-21,14.7,15.9,14.6,15.85
2020-08-24,15.85,15.9,15,15.75
2020-08-25,15.25,16.2,15.05,15.7
2020-08-26,15.8,15.8,15.6,15.6
2020-08-27,15.6,15.6,15.5,15.5
2020-08-28,15.5,15.9,15.5,15.85
2020-08-31,15.85,16,15.8,15.8
2020-09-01,15.8,15.8,15.8,15.8
2020-09-02,15.6,15.6,15.5,15.5
2020-09-03,15.4,15.4,15.1,15.1
2020-09-04,15.25,15.85,15.1,15.65
2020-09-07,15.25,15.85,15.25,15.55
2020-09-08,15.8,15.8,14.25,14.55
2020-09-09,14.3,14.3,14.2,14.2
2020-09-10,14.4,14.4,14.4,14.4
2020-09-15,14.1,14.5,13.7,13.75
2020-09-16,14,14.3,14,14.3
2020-09-17,14.5,15.6,14.5,15.6
2020-09-21,14.55,14.7,14.4,14.4
2020-09-22,15,15,14.4,14.4
2020-09-23,14.5,15.3,14.45,15.3
2020-09-24,14.7,15.25,14.7,15.25
2020-09-25,15.25,15.25,14.5,14.5
2020-09-29,14.5,14.5,14.4,14.4
2020-09-30,14.5,15,14.5,15
2020-10-01,14.9,14.9,14.8,14.8
2020-10-06,14.5,15,14.3,15
2020-10-08,14.6,14.6,13.5,13.8
2020-10-09,13.8,13.8,13.3,13.55
2020-10-12,13.6,13.6,13.6,13.6
2020-10-13,13.6,13.6,13.6,13.6
2020-10-14,13.55,13.55,13,13
2020-10-15,13,13.2,12.75,12.8
2020-10-16,12.9,12.9,12.5,12.8
2020-10-19,12.8,12.8,12.2,12.35
2020-10-20,12.3,12.5,12.3,12.5
2020-10-21,12.55,12.8,12.2,12.3
2020-10-22,12.3,12.7,11.2,12
2020-10-23,12,12,11.9,11.95
2020-10-26,12,12.4,12,12.4
2020-10-27,12.4,12.4,12.4,12.4
2020-10-28,12,12,11.7,11.7
2020-10-29,11.7,11.7,11.3,11.5
2020-10-30,11.4,11.45,11.4,11.4
2020-11-02,11.4,11.6,11.4,11.4
2020-11-03,11.6,11.6,11.4,11.5
2020-11-04,11.4,11.6,11.25,11.6
2020-11-05,11.4,11.6,11.4,11.6
2020-11-06,11.6,12,11.6,12
2020-11-09,12,12.8,12,12.55
2020-11-10,12.75,12.8,12.3,12.5
2020-11-12,12.5,12.5,12.2,12.25
2020-11-13,12.45,12.5,12.2,12.5
2020-11-16,12.6,12.8,12.1,12.75
2020-11-17,12.75,12.75,12.45,12.75
2020-11-18,12.75,12.75,12,12.4
2020-11-19,12.4,12.4,12,12.35
2020-11-20,12.4,12.45,12.4,12.45
2020-11-23,12.45,12.55,12.45,12.55
2020-11-24,12.55,13,12.55,12.7
2020-11-25,12.75,13.05,12.75,13.05
2020-11-26,13.1,13.1,12.5,12.5
2020-11-27,12.5,12.5,12.4,12.4
2020-11-30,12.75,12.8,12.7,12.8
2020-12-01,12.7,12.8,12.7,12.8
2020-12-02,12.7,12.8,12.7,12.8
2020-12-03,12.45,12.5,12.45,12.45
2020-12-04,12.45,12.8,12.4,12.8
2020-12-07,12.7,12.7,12.45,12.6
2020-12-08,12.65,12.65,12.4,12.4
2020-12-09,12.25,12.4,12.2,12.35
2020-12-10,12.25,12.5,12.25,12.3
2020-12-11,12.5,12.65,12.35,12.35
2020-12-14,12.5,12.5,12,12.25
2020-12-15,12.35,12.35,12.25,12.3
2020-12-16,12.4,12.4,12.3,12.3
2020-12-17,12.4,12.4,12.3,12.4
2020-12-18,12.4,12.4,12.2,12.2
2020-12-21,12.3,12.3,12.05,12.1
2020-12-22,12.15,12.4,12.1,12.1
2020-12-23,12.2,12.35,12.1,12.1
2020-12-28,12.1,12.35,12,12
2020-12-29,12,12.4,11.15,11.2
2020-12-30,11.2,11.85,11,11.8
2021-01-04,12,13.2,12,13
2021-01-05,13.1,13.85,13.05,13.4
2021-01-07,13.4,14,13.25,13.6
2021-01-08,13.65,13.9,13.5,13.85
2021-01-11,14,14,13.5,13.8
2021-01-12,13.5,13.9,13.4,13.8
2021-01-13,13.8,13.8,13.2,13.65
2021-01-14,13.55,13.7,13.4,13.7
2021-01-15,13.5,13.8,13.5,13.6
2021-01-18,13.6,14.35,13.6,14.35
2021-01-19,14.35,14.35,14.1,14.1
2021-01-20,14.35,14.5,14.05,14.1
2021-01-21,14.1,14.35,13.8,13.8
2021-01-22,14.1,14.2,13.85,14.05
